2	3	6	8	12	12	10	7	4	1	1	2	3	4	7	7	11	39	55	96	123	126	109	92	55	27	13	13	14	14	12	13	11	10	12	11	4	4	2	2	3	3	4	4	3	2	2	1	0	0	0	0	0	1	1	2	2	2	1	1	0	0	1	1	1	1	1	2	2	2	13	23	32	38	38	32	23	17	12	7	4	2	4	8	24	42	50	67	73	66	80	185	972	2362	3594	5027	5234	4836	3628	2476	1074	537	429	350	250	161	92	74	71	65	61	41	22	11	5	4	4	2	3	3	2	2	2	0	0	0	0	1	1	2	2	2	2	2	1	1	1	0	0	0	0	0	0	1	1	1	1	1	0	0	0	0	0	0	0	0	0	0	0	0	0	0	0	0	2	2	2	2	2	0	0	0	0	0	0	0	0	0	0	0	0	0	0	2	2	2	3	3	1	1	1	0	0	0	0	0	0	1	1	1
0	0	0	0	0	1	2	4	5	5	6	5	4	3	2	1	1	0	1	2	3	3	3	3	2	1	1	0	0	1	1	1	1	1	1	1	1	1	1	0	0	2	2	3	4	4	2	2	1	1	1	2	2	2	2	2	2	2	1	1	0	0	0	0	0	2	2	3	4	4	2	2	1	0	0	0	0	0	1	1	1	1	1	0	0	0	0	0	0	0	0	1	1	10	48	183	442	718	989	1066	1056	882	633	335	142	48	13	4	1	1	1	2	2	2	3	2	1	1	1	0	0	0	0	0	1	2	3	6	6	6	5	4	1	0	0	1	2	2	2	2	1	0	0	0	0	0	0	0	0	0	0	0	0	0	0	1	1	2	3	3	2	2	1	0	0	1	1	1	1	1	0	1	1	1	1	1	1	1	1	1	0	0	0	1	1	1	1	1	1	2	2	2	2	1	0	0	0	0	0	0
1	0	0	0	0	0	1	1	1	2	1	2	4	5	4	4	3	1	0	0	0	0	0	0	1	2	3	3	3	2	1	0	0	0	0	0	1	1	1	2	2	1	2	2	2	2	2	2	3	2	2	2	1	0	0	1	1	3	5	7	8	8	7	6	4	4	4	4	2	1	1	0	0	0	0	0	0	0	1	1	1	1	2	1	1	1	1	1	1	4	17	24	35	55	66	110	236	401	551	676	692	617	437	269	91	14	6	3	3	1	1	2	2	2	2	2	0	0	2	3	3	3	3	1	1	1	1	1	1	1	1	1	1	1	1	1	1	1	0	0	1	1	1	1	0	0	0	0	0	1	1	1	1	1	0	0	0	0	0	0	0	0	0	0	0	0	0	0	0	0	0	0	0	2	2	2	2	3	2	4	5	5	4	3	3	2	3	3	2	1	1	0	0	0	1	2	3	3	3	2
1	2	3	4	4	4	3	2	2	2	3	4	5	6	6	4	2	4	8	14	16	19	18	14	8	5	1	0	0	1	1	2	2	2	1	1	0	0	0	0	0	0	0	0	0	1	1	1	1	1	0	0	0	0	0	1	1	1	1	1	0	0	0	0	0	0	1	1	1	1	1	0	0	0	1	2	2	2	2	1	1	1	1	2	3	2	3	4	4	6	14	38	79	152	224	371	1004	1633	2295	2867	2877	2416	1821	1123	400	169	59	10	3	14	43	67	91	117	154	245	460	632	774	800	748	524	316	109	20	7	4	3	2	2	2	1	2	4	3	3	3	2	0	0	0	0	0	0	0	0	0	0	3	3	4	4	4	1	1	0	0	1	1	1	1	1	1	5	5	7	8	7	5	5	4	4	4	6	7	8	8	8	5	2	4	4	4	4	3	2	3	3	3	4	4	2	2	2	0	0	0	0	0	0
1	1	1	0	0	0	0	0	0	1	1	1	1	1	0	0	0	0	1	1	1	1	1	0	1	3	3	3	6	8	9	10	10	7	3	2	2	2	2	1	2	1	1	1	1	1	1	1	1	1	1	2	2	2	5	5	7	7	7	6	4	3	3	1	3	3	3	4	4	2	2	3	4	4	5	5	7	7	11	23	34	67	144	244	324	368	372	327	217	124	50	7	7	23	170	1548	4270	7236	9812	10798	10486	8057	5090	2410	396	66	24	11	6	5	4	3	2	3	4	4	4	4	4	5	6	5	5	4	3	5	8	8	7	7	4	0	0	1	1	1	1	1	0	0	0	0	1	1	1	1	1	0	0	0	1	1	1	1	1	0	0	0	0	0	0	1	2	5	5	9	23	27	32	32	28	14	7	2	1	1	1	1	1	1	1	1	1	1	1	1	1	2	1	1	1	1	0	0	0	0	0	0	0	0
2	4	5	5	4	4	2	3	3	2	3	3	1	1	1	0	0	0	0	0	0	0	2	4	7	15	17	53	142	224	314	353	343	264	180	87	23	8	5	5	3	3	2	0	0	0	0	0	1	5	6	6	6	5	1	1	1	1	1	0	1	1	1	2	2	1	1	0	1	1	1	1	1	0	1	1	1	1	1	0	0	0	0	0	0	0	0	0	0	3	9	19	38	68	91	161	407	660	995	1145	1150	1019	761	402	179	37	6	3	2	0	1	2	2	2	2	2	1	1	1	1	1	1	1	1	1	1	1	1	2	1	1	2	2	2	3	3	2	2	2	2	2	2	2	12	27	51	83	97	96	94	81	49	29	12	1	1	1	1	1	4	6	14	19	21	19	19	11	7	5	3	5	4	2	2	2	3	5	7	8	7	7	23	56	77	106	110	98	73	63	124	459	844	1220	1514	1516	1255	878	516	217	259
116	301	543	875	1098	1150	1091	895	530	266	79	9	3	3	0	0	2	2	2	2	2	1	1	1	1	1	1	1	1	1	1	1	1	2	2	1	1	2	1	2	3	3	2	2	2	2	2	2	6	21	44	69	96	97	96	87	65	34	19	4	0	1	1	1	3	4	10	16	21	20	19	15	9	5	5	5	5	4	2	2	3	3	7	8	8	6	12	39	66	90	110	109	87	65	65	265	676	1026	1434	1516	1443	1052	696	309	235	286	294	252	187	102	34	9	1	1	1	0	0	0	2	2	2	3	3	1	1	1	0	0	0	0	0	0	6	15	21	29	29	23	14	12	5	8	8	5	5	4	1	2	2	3	2	3	2	2	2	2	2	2	2	1	1	0	0	0	0	2	4	5	5	5	3	1	0	1	1	1	1	1	0	0	0	0	0	0	0	1	3	5	5	5	4	3	1	1	1	1	1	1	1	2
0	0	0	1	1	1	2	3	5	17	22	29	34	33	21	15	6	1	2	2	3	2	2	2	2	1	1	1	0	0	0	0	2	2	2	4	4	7	8	10	8	7	4	3	2	2	2	2	1	1	1	1	1	1	1	1	1	1	1	1	0	0	0	0	1	1	1	1	1	0	1	2	3	3	3	1	1	0	1	1	2	3	3	2	2	1	1	3	6	6	12	14	14	23	31	96	189	295	399	412	372	278	165	47	4	3	2	2	2	1	1	1	1	2	1	1	1	2	1	1	1	1	0	0	1	2	2	2	2	1	0	0	2	2	4	4	5	3	3	1	1	1	2	2	2	1	0	0	0	0	0	1	1	2	2	2	1	1	0	0	0	0	0	0	0	1	1	1	2	2	1	1	1	0	1	1	2	2	2	1	1	0	1	1	1	2	2	1	1	1	3	3	3	3	2	1	1	1	1	1
10	21	35	49	53	47	34	21	8	2	2	2	1	1	1	1	1	1	1	3	3	2	3	4	2	2	2	1	0	0	1	1	2	4	4	3	3	2	4	7	8	11	14	12	9	9	6	2	2	3	3	2	2	2	1	1	1	1	2	2	2	3	2	1	2	2	1	1	1	0	0	0	0	0	1	1	1	1	1	0	2	2	2	2	2	0	2	4	5	9	10	9	8	9	21	213	670	1152	1734	1951	1917	1522	1029	441	81	24	12	8	6	3	2	1	3	3	5	6	5	3	3	3	5	9	21	34	48	67	68	60	51	38	14	11	5	3	3	1	5	5	6	6	6	2	1	0	0	0	0	1	2	2	2	2	1	0	1	1	2	2	3	3	4	3	3	2	1	2	2	3	4	4	4	5	8	8	8	7	5	2	1	0	1	1	1	1	1	1	1	1	2	3	3	4	4	3	4	4	4	4	2	1
16	3	1	0	0	0	0	1	1	1	1	1	0	0	0	0	0	0	0	0	0	4	5	6	6	6	2	1	1	1	1	3	2	2	4	4	3	4	4	2	2	1	1	1	1	1	0	0	0	0	0	0	0	0	0	0	0	1	2	2	2	2	2	2	2	2	1	1	0	1	1	1	2	3	3	3	3	2	0	0	0	1	1	1	2	3	2	2	2	2	2	2	2	2	1	15	86	228	320	421	431	399	271	177	60	15	1	1	1	1	1	0	3	6	7	10	10	10	12	15	29	155	314	443	630	651	544	390	258	58	9	5	3	2	2	2	3	4	4	3	3	2	2	2	1	1	2	2	2	3	3	2	2	2	1	1	1	0	0	2	2	3	3	3	1	1	0	0	0	0	0	0	0	0	0	0	0	0	1	2	2	2	2	1	0	1	1	1	2	3	3	3	3	2	2	3	3	4	3	3
2	1	1	1	1	1	2	2	2	2	1	0	0	0	0	0	0	0	0	0	0	0	0	0	0	0	0	0	1	1	1	1	1	0	0	0	1	1	2	3	3	2	3	4	3	3	3	2	0	0	0	0	0	0	0	0	1	2	2	2	2	1	0	0	0	0	0	0	0	0	0	5	9	11	16	20	23	29	33	33	89	196	327	460	518	504	426	292	154	46	16	10	10	29	68	96	185	330	446	567	618	603	462	308	154	36	4	2	2	1	0	1	1	1	1	2	3	3	3	3	1	0	0	0	0	0	0	0	0	0	0	0	0	0	0	0	0	0	0	0	0	0	0	0	0	0	0	0	0	0	0	0	0	0	0	2	2	2	2	2	0	0	0	0	0	0	0	0	0	0	0	0	1	1	1	1	1	0	0	0	0	0	0	0	0	0	1	1	1	1	1	0	0	0	0	0	0	1	1	1
0	0	1	1	1	1	1	0	0	0	0	0	3	3	3	3	3	0	0	0	1	1	1	1	1	0	0	1	1	1	1	1	0	0	0	0	1	1	1	1	1	0	0	0	0	1	2	2	2	2	1	1	1	1	2	5	7	8	8	6	3	2	1	1	2	1	1	2	2	2	3	4	6	6	6	6	5	3	3	6	6	6	5	6	5	9	32	53	73	95	95	76	55	32	43	165	289	414	510	515	421	332	235	142	129	100	63	29	12	8	6	3	0	1	1	1	1	1	1	1	1	1	0	0	0	0	0	0	0	0	0	0	0	0	0	0	0	0	1	1	2	2	2	1	1	0	0	2	2	2	2	2	0	0	0	0	0	0	0	0	0	0	0	0	0	0	0	5	8	12	15	15	10	7	3	0	0	1	2	2	2	2	1	0	1	1	1	2	2	1	2	2	1	1	1	1	1	1	1	1
0	0	1	1	2	6	10	16	26	28	28	25	18	7	2	1	1	1	1	1	1	2	2	3	2	2	1	1	0	0	0	0	0	0	1	1	2	2	3	2	2	1	1	1	1	4	4	4	4	6	4	4	3	3	0	0	0	0	0	0	0	1	1	2	2	2	3	4	4	4	4	2	1	0	0	0	1	1	1	2	2	1	1	1	2	3	4	5	5	4	3	8	48	125	197	280	449	637	794	923	925	794	534	310	92	16	13	10	8	5	3	2	2	4	4	4	5	5	3	3	3	1	1	1	0	0	0	0	0	0	0	2	3	3	3	3	1	0	0	0	0	0	0	0	0	0	0	0	0	0	0	0	0	0	0	0	0	0	0	0	0	0	0	1	4	6	7	7	7	4	2	3	3	3	4	5	6	13	14	16	20	20	14	14	8	6	5	3	2	2	2	2	2	1	2	2	2	2	2	1
1	2	2	2	2	2	1	1	1	1	2	2	3	2	2	1	2	1	1	5	5	4	4	4	0	0	1	1	1	1	1	1	1	1	1	1	1	1	1	1	1	0	0	0	1	1	1	1	2	1	1	1	1	0	0	0	1	1	1	2	2	2	2	2	3	3	3	3	2	1	0	0	0	0	0	0	1	3	8	9	13	14	13	8	7	2	1	1	1	2	1	4	4	5	10	29	191	370	584	766	770	699	537	318	121	27	11	5	3	2	1	1	1	1	3	3	3	3	3	1	1	3	3	3	3	2	1	1	1	1	1	1	1	1	0	0	0	0	0	0	0	0	0	1	1	1	1	1	0	0	0	0	0	1	1	1	1	2	1	1	1	1	1	1	1	1	1	0	0	3	4	4	4	4	1	0	0	0	0	0	0	1	1	2	2	2	1	1	1	1	1	1	1	0	0	0	0	2	3	4
0	0	0	0	0	0	1	1	1	1	1	1	1	1	2	2	1	1	1	0	0	0	0	0	1	1	1	1	1	0	1	1	1	1	1	0	0	0	0	0	0	1	1	1	1	1	0	0	0	0	0	0	0	0	0	0	0	0	0	0	0	0	0	0	0	0	0	0	0	0	0	0	0	0	0	0	0	0	0	0	0	0	0	0	0	0	0	0	0	0	0	0	4	31	45	70	102	106	114	122	112	111	91	65	47	13	3	3	3	4	3	3	3	4	5	8	8	7	11	10	38	70	89	122	125	115	94	90	60	38	24	5	2	2	2	1	1	0	0	1	1	1	2	2	1	1	1	0	0	0	0	0	1	1	3	3	3	3	3	1	1	1	0	1	1	1	1	1	0	0	0	0	0	0	0	1	1	1	2	2	2	2	2	1	1	0	0	0	0	1	2	3	3	3	2	1	0	0	0	0
3	2	2	2	2	1	1	2	5	5	5	5	3	1	1	1	1	0	0	1	1	2	2	3	4	7	7	7	5	5	3	3	4	5	4	3	3	2	0	1	2	3	4	4	3	2	1	1	1	1	1	1	0	0	1	1	1	2	2	2	3	4	4	5	5	4	3	2	1	1	1	2	2	2	2	2	1	5	8	10	11	11	7	4	3	3	3	3	2	2	1	2	5	20	57	278	928	1407	2027	2233	2186	1642	1200	568	202	88	39	10	1	1	2	1	1	2	2	1	3	3	2	2	2	1	1	1	2	2	1	1	1	1	1	1	1	1	0	0	0	0	0	0	1	1	1	1	1	2	4	4	4	3	2	1	1	2	2	3	2	2	2	2	1	1	0	1	1	1	2	2	1	2	1	1	2	2	1	2	2	1	1	2	1	1	1	1	1	1	1	2	2	1	1	1	0	0	0	0	0	0	0	0
9	7	6	3	3	4	3	3	3	3	2	5	12	29	64	128	162	168	173	154	103	68	51	32	20	22	33	44	49	53	52	36	24	12	6	1	1	2	1	2	2	2	4	5	4	4	3	2	2	2	2	1	2	2	3	3	4	2	3	3	3	3	3	2	2	1	1	1	1	1	1	1	1	1	2	2	2	2	2	4	5	6	6	5	4	4	4	6	8	11	12	30	72	208	868	2070	3183	4069	4238	3989	2991	2076	1357	1212	1211	1132	891	489	219	86	11	9	10	17	26	38	49	51	46	42	33	18	11	9	7	6	7	6	4	4	3	2	2	2	2	3	3	2	2	3	3	3	3	3	2	3	4	4	3	3	2	1	1	4	9	10	16	16	12	10	9	8	9	7	6	4	14	57	84	133	141	133	97	71	21	7	5	4	4	6	5	10	12	14	16	17	13	14	14	13	11	11	14	16	19	22	20	16	17	14
2	1	1	0	0	0	1	13	21	34	38	38	32	27	17	17	16	14	14	9	16	46	75	110	124	141	139	128	114	98	57	36	13	3	1	1	0	0	1	1	1	1	1	3	3	5	5	4	2	2	1	1	2	2	1	1	1	1	1	1	1	1	0	0	0	1	1	1	2	2	2	2	2	1	0	0	0	0	0	0	0	0	1	1	1	1	1	0	0	0	2	10	13	17	22	60	165	306	424	505	513	436	295	170	47	7	4	3	3	2	2	2	1	1	1	1	1	1	0	0	0	0	0	0	0	0	0	0	0	0	0	0	0	0	0	0	0	1	1	2	3	3	2	2	1	0	0	0	0	0	0	1	1	1	1	1	1	1	1	1	1	1	1	1	1	0	1	1	1	1	1	1	1	1	1	0	1	1	1	2	2	3	3	3	2	2	0	0	1	2	2	2	2	1	0	0	0	0	0	0
2	1	1	0	1	1	1	1	1	0	1	1	1	1	1	0	0	0	1	2	3	3	9	20	42	68	71	67	58	36	10	4	2	1	1	2	2	1	1	1	1	1	1	1	0	0	0	0	0	0	0	0	1	3	3	3	3	3	1	1	1	0	1	1	1	1	2	1	1	1	1	0	0	0	0	0	0	0	0	0	0	0	0	0	1	2	4	23	46	68	93	96	89	76	146	343	1054	1693	2198	2644	2629	2011	1369	754	128	10	7	5	3	2	1	2	3	4	4	3	2	2	2	2	2	1	0	0	2	5	6	9	9	8	7	5	6	5	4	4	2	1	0	0	0	0	1	2	2	2	2	1	0	0	0	1	2	14	22	32	39	40	28	23	12	4	1	0	1	1	2	3	3	3	6	6	6	6	5	1	1	1	2	2	2	2	3	3	9	24	37	61	68	80	80	82	84	77	57	42	18	8	2	1
4	0	0	0	0	0	0	1	2	3	3	6	9	10	11	10	9	6	4	3	2	1	1	1	1	1	1	1	2	3	4	4	3	2	1	1	1	1	1	2	1	1	1	1	0	1	1	2	3	3	2	2	2	1	1	2	1	1	2	4	4	4	4	3	1	0	0	4	5	5	6	6	3	3	3	2	2	0	1	1	2	3	4	3	3	2	3	2	2	2	4	12	27	55	167	254	366	485	502	506	488	460	356	225	152	52	10	6	5	0	0	0	1	1	1	2	2	1	2	2	2	2	2	2	2	4	23	67	151	275	357	401	398	339	224	129	60	53	49	44	27	13	1	0	0	0	0	0	0	0	1	6	8	9	9	9	4	2	1	0	0	1	1	1	3	3	2	2	2	2	2	2	2	4	4	4	6	8	6	7	7	6	7	6	5	5	2	3	4	3	3	3	2	2	3	7	7	7	7	5
6	6	7	7	5	5	4	4	3	3	1	2	2	1	1	1	0	1	1	1	1	1	0	0	0	1	1	2	2	2	1	1	0	0	0	0	0	1	1	1	1	1	1	1	2	2	2	2	2	3	3	3	3	2	3	3	3	2	2	0	0	1	1	1	1	1	2	3	5	7	7	9	11	12	14	17	16	16	16	12	16	16	12	10	9	2	3	3	2	2	2	2	8	21	83	440	1184	1962	2720	2880	2824	2200	1428	631	170	38	16	5	2	1	1	1	2	11	46	89	141	182	192	187	163	111	112	248	439	570	719	775	725	671	618	466	355	251	144	76	36	24	18	24	25	26	22	14	7	5	2	3	3	1	2	3	2	2	2	1	1	1	1	1	1	1	2	2	2	1	1	0	0	0	0	0	0	0	2	4	5	5	6	4	3	3	8	14	18	24	24	21	15	15	12	9	9	5	4	3	3	3	2	2
10	8	8	17	18	24	24	22	11	9	1	1	2	2	2	2	2	1	1	1	3	2	2	2	2	1	1	1	1	0	0	0	1	3	3	3	3	3	2	2	2	2	2	2	3	2	3	3	3	3	3	1	1	2	2	2	3	3	2	2	3	2	1	2	2	1	1	1	1	1	1	2	2	2	2	2	2	2	2	3	2	2	2	1	0	0	0	1	2	4	5	5	8	20	53	82	134	210	263	309	340	335	279	216	144	84	46	29	20	9	9	5	3	1	1	0	0	0	0	0	0	0	1	1	2	2	4	4	4	3	2	1	0	0	0	0	1	1	1	1	1	0	0	0	1	1	2	3	3	5	9	39	109	169	232	263	255	193	131	59	9	3	1	1	0	0	0	0	1	1	2	2	3	3	3	2	2	1	0	0	0	0	1	1	3	3	3	4	4	3	3	2	1	1	1	1	1	0	0	0
2	3	2	2	2	3	2	1	2	2	1	1	1	1	1	1	2	2	2	2	2	2	2	3	3	2	2	2	0	0	0	0	2	2	4	5	5	9	30	54	98	150	220	282	328	340	326	266	198	119	74	42	29	16	9	9	4	2	1	1	0	0	0	0	0	0	0	1	1	2	3	4	4	4	3	2	1	0	0	0	0	1	1	1	1	1	0	0	0	1	2	2	3	3	6	13	54	126	183	252	263	240	175	114	38	8	2	1	0	0	0	0	0	1	1	2	2	3	3	3	2	2	1	0	0	0	0	1	1	3	3	3	4	4	3	3	2	1	1	1	1	1	0	0	0	1	1	1	2	2	1	2	2	2	2	2	1	1	0	0	0	0	0	0	0	0	0	0	0	0	0	0	0	0	1	1	1	1	1	1	2	2	2	1	1	1	1	2	2	1	1	1	0	1	1	1	1	1	0	1
0	0	1	2	2	2	3	3	2	2	3	1	1	1	1	2	2	2	2	1	0	0	1	5	6	11	13	15	12	12	9	7	4	4	2	2	2	2	0	0	0	0	0	0	0	0	0	0	0	0	0	1	1	1	1	1	1	1	1	2	3	4	4	5	5	4	2	2	0	1	1	1	1	2	2	2	2	2	0	0	1	1	1	1	1	0	0	0	0	1	3	24	61	117	163	219	381	651	898	1125	1150	1074	762	477	173	28	13	5	3	4	2	2	2	2	1	1	1	1	2	1	10	18	22	23	23	19	13	8	7	2	0	0	1	1	1	2	3	4	4	4	3	1	0	0	0	0	0	0	0	1	1	1	1	1	0	0	0	0	1	1	1	1	1	2	2	2	2	2	0	0	1	1	1	1	2	1	3	3	3	2	2	1	1	1	1	0	1	1	1	1	2	1	1	1	1	1	1	1	1	0
2	1	1	0	0	0	0	0	0	0	0	0	0	1	1	1	1	1	1	1	2	2	1	1	1	1	1	2	2	3	3	4	3	3	1	1	0	1	1	1	1	1	3	5	21	49	105	194	251	303	315	303	248	214	140	82	53	13	5	2	1	0	1	1	1	2	4	3	4	4	3	2	2	2	2	2	1	1	1	1	2	2	2	2	2	1	1	0	2	2	2	3	3	5	10	26	81	156	216	275	284	239	174	109	35	11	2	1	1	0	0	0	1	3	3	3	3	2	3	3	4	4	4	3	5	4	4	3	2	0	0	1	1	1	1	1	1	1	4	4	4	3	3	0	0	0	0	0	2	2	2	2	2	2	2	4	4	4	2	2	1	1	1	1	0	0	0	0	0	0	0	0	0	0	0	0	0	0	1	2	2	3	3	2	2	2	3	11	12	15	18	17	9	7	4	3	3	3	4	3
0	1	1	1	1	1	0	0	0	0	1	1	1	2	2	1	1	1	0	0	0	0	1	1	1	2	3	2	2	2	1	0	0	1	1	1	1	1	0	0	0	1	1	1	1	1	0	0	0	0	0	0	0	0	1	2	2	2	3	3	2	2	2	0	0	0	0	0	1	1	1	1	1	1	1	2	2	2	2	2	1	2	2	1	2	2	1	2	2	3	8	11	13	14	26	131	359	557	804	909	898	765	609	340	144	50	11	8	8	6	3	2	0	0	0	0	0	0	0	1	1	1	1	1	0	0	0	0	0	0	0	1	1	1	2	3	3	4	4	4	4	3	2	2	1	0	0	0	0	1	1	1	1	1	0	0	0	0	0	0	0	0	0	1	1	1	1	1	0	1	2	3	7	7	6	5	4	0	1	2	2	2	3	2	2	2	2	2	1	1	1	1	0	0	0	0	0	1	1	1
2	1	1	0	0	0	0	0	0	0	0	0	0	0	0	0	0	0	0	0	0	0	1	3	4	5	5	4	3	2	2	2	1	1	1	1	1	1	1	0	0	0	0	0	3	4	5	5	5	2	1	0	0	0	0	0	0	0	0	0	0	0	0	1	2	2	2	2	1	0	0	0	0	0	0	0	0	0	1	1	1	1	2	1	1	4	6	8	34	155	271	429	501	500	435	325	287	431	640	809	804	704	512	297	88	27	19	10	9	7	2	2	2	1	1	1	2	4	5	6	7	7	5	4	3	1	0	0	1	1	1	2	2	2	3	3	2	2	3	2	2	2	2	1	3	3	2	2	2	0	0	0	0	0	0	0	0	0	1	2	3	4	4	3	2	1	0	0	0	1	1	1	1	1	1	1	1	1	1	0	0	0	0	1	1	1	1	1	0	0	0	0	0	0	0	1	1	1	1	1
1	1	1	1	1	0	0	0	0	0	0	0	0	0	0	0	1	1	1	1	2	2	2	2	2	1	1	1	1	1	0	1	1	1	1	1	0	0	0	0	1	1	2	2	2	1	1	1	1	1	2	2	1	1	1	0	0	0	0	0	0	0	0	0	0	0	0	0	0	1	1	1	1	1	1	2	2	2	2	2	2	3	4	4	4	4	5	5	5	5	5	4	12	22	57	241	414	651	807	808	645	467	240	74	69	69	58	38	24	10	4	3	1	0	1	1	4	4	4	4	4	1	2	1	1	1	1	0	0	0	0	0	1	2	2	2	2	1	0	1	1	1	1	1	0	1	1	1	1	1	0	0	1	1	2	2	2	1	1	0	0	0	0	1	1	1	1	1	0	0	0	0	0	0	0	0	0	0	1	1	1	1	2	1	1	1	1	0	0	0	0	0	1	1	1	1	1	0	1	2
2	1	0	0	0	0	0	1	1	1	1	1	0	1	1	1	1	1	0	0	0	0	0	1	1	1	1	1	0	0	0	1	1	2	2	2	2	2	1	1	1	1	1	1	1	3	5	5	5	5	2	1	1	1	2	2	2	2	3	2	2	1	1	0	1	1	1	2	3	6	6	6	6	5	1	1	0	0	0	0	0	1	6	9	15	20	22	17	16	12	24	44	65	148	241	429	789	969	1228	1339	1336	1042	803	482	188	100	67	24	7	3	3	3	2	2	1	1	1	2	1	1	2	2	2	2	2	1	1	1	1	3	3	3	3	3	2	2	1	1	0	0	0	0	0	1	1	1	1	2	3	3	3	3	1	1	1	1	1	1	0	0	0	0	0	0	0	0	0	1	1	2	2	2	3	3	3	3	3	3	3	2	2	1	0	0	0	1	1	1	1	1	0	0	0	0	0	0	0	0	0	0
0	0	1	1	1	1	1	1	1	1	1	1	0	0	0	0	0	0	0	0	0	2	2	2	3	3	2	3	3	2	1	1	1	1	1	1	1	0	0	0	0	0	0	1	1	1	1	2	1	2	2	2	2	3	2	2	2	1	0	0	0	0	1	1	1	1	1	1	1	1	1	1	1	3	3	3	3	2	1	2	2	2	2	1	0	0	0	0	0	1	2	7	13	17	23	34	72	130	194	249	254	240	200	136	66	29	8	3	5	4	5	4	3	2	2	3	3	3	4	4	3	3	2	1	1	2	2	2	1	1	0	1	1	1	1	1	0	0	0	0	0	0	0	0	0	0	0	0	0	0	0	0	0	2	2	2	2	2	1	1	1	1	1	1	1	1	0	0	0	0	0	0	0	0	0	0	0	0	1	1	1	1	1	1	2	2	2	2	3	3	4	5	4	7	10	11	12	11	7	4
2	2	2	1	1	1	1	1	1	1	1	3	3	3	3	2	0	0	2	3	5	5	5	3	2	1	2	2	4	5	4	3	3	2	2	2	2	1	1	2	3	3	2	2	1	0	0	0	0	0	0	0	0	0	0	1	1	1	1	1	0	0	0	0	1	2	2	2	2	1	0	1	1	2	3	4	3	3	2	2	4	4	4	4	2	2	3	6	16	51	112	192	272	311	319	287	233	242	363	508	608	606	545	389	222	75	15	3	2	2	3	3	3	1	2	1	1	1	1	1	3	5	6	7	7	6	4	4	3	3	2	1	1	0	0	0	1	1	1	1	1	0	0	2	3	4	5	5	5	4	4	6	5	6	7	5	3	2	1	1	2	2	2	2	1	0	0	0	0	0	2	2	2	2	3	1	1	1	1	0	0	0	1	1	1	1	1	0	1	1	1	1	1	0	0	0	0	0	0	1
27	25	22	18	13	9	11	10	8	5	3	1	1	3	3	4	4	4	2	3	3	2	2	2	2	1	2	2	2	2	3	2	2	1	2	3	3	3	2	1	0	0	0	0	0	0	0	0	0	1	1	1	1	1	0	0	0	1	1	1	2	2	1	1	1	0	0	0	0	0	0	1	1	1	1	1	1	2	2	2	3	3	2	2	2	1	1	1	1	1	3	8	10	15	36	228	1393	2644	4043	5179	5184	4312	3108	1667	355	41	12	8	9	10	6	4	4	3	2	2	4	3	3	3	3	2	2	1	1	1	0	0	0	0	0	0	0	0	1	1	1	1	1	0	0	0	0	0	0	0	0	0	0	0	0	0	2	2	2	2	2	1	1	2	2	2	1	1	1	1	2	2	1	1	1	0	0	0	0	0	0	0	0	1	4	5	5	6	5	3	2	2	1	0	0	0	0	0	0	1	1	1	3	3
1	1	1	1	3	3	3	3	3	1	1	1	0	0	0	0	0	0	0	0	0	0	0	0	0	0	0	0	0	0	0	0	0	3	3	3	3	3	0	0	0	0	2	2	2	2	3	1	1	1	1	1	1	1	1	1	0	0	0	0	0	0	0	0	0	0	0	0	1	1	1	1	2	1	1	2	3	2	3	3	2	1	2	1	1	1	1	2	7	9	14	14	13	8	6	10	60	234	417	571	681	678	533	351	187	34	2	1	1	2	1	1	1	1	0	1	1	1	1	1	0	0	0	0	1	2	2	3	4	3	2	2	2	4	4	5	4	3	1	2	1	1	1	1	0	0	0	1	1	1	1	2	2	3	4	5	4	7	8	8	11	11	7	7	5	3	3	3	2	2	0	0	0	0	0	2	2	2	3	3	2	3	3	2	2	1	1	1	1	1	1	0	1	1	2	3	6	9	20	35
2	2	3	3	2	2	1	0	0	0	1	1	1	2	2	1	1	1	1	1	1	2	2	1	1	1	0	0	0	0	0	0	0	0	0	0	1	1	2	3	3	6	8	12	12	14	11	9	4	3	1	1	1	1	0	0	0	0	1	1	1	1	1	0	0	0	0	3	4	4	4	4	1	3	11	26	52	61	71	76	64	38	27	11	0	0	2	3	4	5	9	22	32	41	53	131	335	534	735	847	826	690	536	339	175	100	49	22	6	4	1	1	0	0	0	0	0	0	0	0	0	1	1	1	1	1	0	0	0	1	1	1	2	3	3	4	4	3	1	1	0	0	0	1	1	1	2	3	2	3	3	2	2	2	1	1	1	0	0	0	1	1	2	3	3	2	2	1	0	0	0	0	0	0	0	0	0	0	0	0	1	1	1	3	3	4	4	4	2	2	0	0	1	1	2	2	2	1	1	0
1	1	0	0	0	0	0	0	0	0	0	1	1	2	2	2	1	1	0	0	0	0	1	1	1	1	1	0	1	1	1	1	1	0	0	1	1	2	2	2	1	1	0	0	0	0	1	1	1	1	1	0	0	0	0	1	2	2	2	2	1	0	0	0	0	1	1	1	26	27	26	45	45	21	20	20	1	1	1	3	3	3	2	2	1	2	2	2	3	3	2	2	2	3	11	59	102	133	181	180	143	101	69	14	3	3	3	3	4	4	5	6	5	4	2	1	0	0	0	0	0	0	0	0	0	1	1	1	1	1	0	0	0	0	1	1	1	1	1	0	1	1	1	2	2	2	2	2	1	0	1	2	3	3	3	3	2	1	1	1	0	0	0	0	0	0	0	1	1	1	2	2	1	1	1	1	1	1	1	0	0	0	0	0	0	0	0	0	0	0	0	0	1	1	2	2	2	1	1	2
0	0	1	1	1	1	2	2	2	2	2	1	1	2	2	3	3	2	3	3	4	5	5	4	6	4	3	3	2	0	0	0	1	1	1	1	1	0	0	0	1	1	1	2	3	4	4	5	4	2	1	1	0	1	1	1	1	1	1	1	1	1	1	2	2	2	2	2	0	0	1	1	1	1	2	1	1	1	1	0	0	1	2	2	2	2	1	1	1	2	14	48	95	158	220	291	452	679	884	1109	1195	1139	937	694	363	126	37	5	0	0	0	0	0	0	1	1	1	1	1	0	0	0	3	5	5	5	6	3	1	1	2	2	2	2	2	0	1	1	2	2	2	1	1	0	1	1	1	1	1	2	3	3	4	5	7	10	10	10	8	4	1	1	0	0	0	1	1	1	1	1	0	0	2	2	2	2	2	0	0	0	0	0	1	1	1	1	1	1	1	1	1	1	1	1	1	3	4	4	4	4
0	0	0	0	0	0	0	0	0	1	1	1	1	1	0	0	0	0	0	0	0	0	0	0	0	0	0	0	0	0	0	0	0	0	0	0	0	0	0	1	1	1	1	1	0	0	1	2	2	2	2	1	0	0	0	1	2	3	4	4	3	3	2	2	2	1	1	0	0	0	0	0	0	0	0	0	0	0	0	0	0	0	1	1	1	1	1	0	0	0	0	0	0	1	8	54	153	341	531	654	682	648	476	281	119	24	3	0	0	0	1	1	4	5	5	5	5	3	2	1	1	0	0	0	2	2	2	2	3	1	1	1	1	1	1	1	2	2	1	2	2	2	3	4	3	2	2	2	1	1	1	1	1	2	2	2	1	1	0	0	0	0	0	0	1	1	2	2	2	1	1	0	0	1	1	1	2	2	1	2	2	1	2	2	2	3	3	3	3	3	2	2	4	5	9	10	10	9	9	5
1	1	2	2	2	2	3	2	2	1	1	0	0	0	0	0	0	0	0	0	0	0	1	2	2	2	3	2	1	1	1	1	1	1	1	1	0	0	0	0	0	0	0	0	0	0	0	2	2	3	3	3	1	1	1	2	2	2	2	2	2	4	5	5	4	3	1	1	1	2	3	3	2	2	1	0	0	0	1	3	3	9	10	10	9	9	6	6	16	44	67	86	96	93	321	746	1396	2140	2646	2664	2605	2231	1609	902	498	210	63	11	5	10	12	14	18	17	11	8	5	2	1	1	1	2	3	3	4	4	2	1	1	0	1	1	1	1	1	0	0	0	1	1	1	2	3	3	4	4	3	2	2	1	1	3	3	6	8	9	9	9	5	3	1	2	2	1	1	2	1	1	1	1	0	1	1	1	1	1	0	0	0	0	0	0	0	0	0	0	0	0	0	0	0	0	0	0	0	0	0	0	0	3
5	3	3	3	1	1	1	1	1	1	1	0	0	0	0	0	0	1	2	3	3	3	3	3	2	2	2	1	0	1	1	1	1	1	1	2	7	13	17	22	23	19	13	8	4	2	2	2	1	1	0	0	0	0	0	0	0	0	0	1	1	1	1	1	5	26	33	42	46	46	27	23	20	22	27	31	31	30	20	12	5	1	1	1	1	1	1	2	2	2	4	3	6	12	28	86	246	401	568	665	671	568	452	305	157	89	41	6	4	6	6	5	4	2	0	1	1	1	3	8	13	19	27	33	36	37	34	28	32	38	53	54	50	34	28	12	6	3	5	8	18	25	30	45	91	128	183	220	220	187	147	90	47	59	73	86	86	76	60	37	21	7	1	0	0	0	0	1	1	1	1	1	0	0	1	1	2	2	2	1	1	0	0	1	1	3	4	7	10	11	10	10	9	6	6	4	3	2	2	1
27	31	36	37	36	28	29	38	52	54	52	38	29	14	7	4	3	8	17	22	28	36	80	121	179	220	220	195	155	97	50	57	68	84	86	81	63	44	22	8	1	1	0	0	0	0	1	1	1	1	1	0	1	1	2	2	2	1	1	0	0	0	1	3	4	7	10	11	10	10	9	6	6	4	3	2	2	1	1	0	0	0	0	0	0	1	1	1	1	2	1	3	4	5	25	149	315	528	715	736	695	592	407	213	110	51	29	24	21	14	8	3	1	1	1	1	1	1	1	2	3	4	6	8	8	8	6	5	4	6	7	7	17	96	638	1549	2130	2828	2855	2451	1547	976	192	25	14	10	6	4	2	1	1	0	0	0	0	0	1	1	1	1	1	0	0	1	1	1	1	1	0	0	0	0	1	2	6	11	15	20	20	23	20	16	10	6	1	0	0	0	0	0	0	1	1	3	7	9	8	8	6	2
16	2	1	0	0	0	0	1	1	1	1	1	0	0	1	2	2	2	2	1	0	0	0	1	1	4	5	9	10	11	10	10	6	6	6	3	3	2	1	1	0	0	0	0	0	0	0	1	1	1	1	2	2	4	5	11	80	226	438	634	736	730	656	490	302	137	71	33	24	23	21	11	6	1	1	1	1	0	1	1	2	3	4	4	7	8	8	6	6	4	6	7	7	10	46	313	1148	1861	2540	2855	2761	1943	1248	521	51	18	10	7	4	3	2	1	0	0	0	0	0	1	1	1	1	1	0	0	1	1	1	1	1	0	0	0	0	0	2	4	9	12	19	20	23	21	19	10	8	2	1	0	0	0	0	0	0	1	3	6	9	9	8	6	3	3	4	7	9	10	8	7	4	2	0	1	1	1	1	1	0	0	1	1	1	1	2	2	2	2	2	1	0	0	1	1	1	1	1	1	1	2	2	2
0	1	2	3	3	3	2	1	0	0	0	0	0	1	1	1	1	1	0	0	0	0	0	0	1	1	4	4	5	4	4	2	2	1	2	2	2	2	3	3	2	2	2	1	1	1	1	1	0	1	1	1	1	1	0	0	0	0	0	0	3	4	8	15	18	20	19	15	8	3	3	4	4	4	4	2	1	1	1	1	0	0	0	0	0	0	0	1	3	4	4	6	8	30	56	225	892	1321	1959	2221	2185	1572	1143	486	92	28	8	4	3	2	1	1	1	0	0	0	0	0	7	31	93	126	159	160	142	84	54	16	6	5	4	3	1	1	1	1	2	5	5	4	5	4	1	1	1	0	0	0	0	0	0	0	0	0	1	1	1	1	1	2	3	3	3	3	1	0	0	1	1	1	1	1	0	1	2	3	3	4	4	3	3	4	4	6	8	9	14	17	23	24	23	18	13	5	3	3	3	3	3	1
1	1	1	1	1	1	1	1	1	1	0	0	0	0	1	1	1	1	1	0	0	0	0	0	0	0	1	1	2	2	2	2	3	2	2	1	1	0	0	0	0	0	0	1	1	1	1	1	0	0	0	0	0	1	1	1	1	1	0	0	0	0	0	1	2	2	2	2	1	0	0	1	3	4	6	6	5	3	2	0	0	1	6	9	15	15	14	9	7	1	2	2	1	1	4	43	203	371	523	594	582	432	267	113	15	6	1	1	0	1	1	3	5	6	6	6	4	3	3	2	2	1	0	0	0	0	0	0	0	0	0	0	0	0	0	0	0	0	0	0	0	0	0	0	0	0	0	0	0	0	0	0	0	0	0	0	0	0	0	0	0	0	0	0	0	0	1	2	2	2	2	1	0	0	0	0	0	0	0	0	2	3	4	4	4	2	1	0	1	2	2	2	5	4	6	7	7	4	4	1
5	5	4	0	0	0	0	0	1	1	1	1	1	0	0	0	0	0	1	1	1	1	2	1	1	1	1	0	0	0	0	0	0	0	0	0	0	1	2	2	3	3	2	2	2	1	1	0	0	0	0	0	0	0	0	0	0	0	0	2	2	7	8	8	6	6	1	0	0	0	1	1	1	1	1	3	3	3	3	2	0	0	0	0	1	1	1	1	1	0	0	0	1	1	9	52	340	633	937	1155	1158	913	627	327	75	40	33	26	19	14	15	23	30	45	45	40	32	24	7	5	5	7	6	5	3	3	1	0	0	0	0	0	0	0	0	0	1	2	2	2	2	1	0	0	1	2	2	2	2	1	0	0	0	1	3	4	6	9	8	8	7	5	1	0	0	2	3	5	8	8	8	8	6	4	3	3	2	2	0	0	0	0	0	0	0	0	0	0	0	0	0	0	0	1	1	1	1	1	0	0
3	2	2	1	0	2	2	3	3	3	2	2	1	1	1	0	0	0	0	0	1	1	1	1	1	0	0	0	1	1	1	1	1	0	0	2	3	3	4	4	2	2	2	1	1	1	0	0	0	0	1	1	1	1	1	0	0	0	0	0	0	0	0	0	0	0	0	0	0	0	2	2	2	4	4	2	3	3	1	2	2	2	2	2	1	1	0	1	2	2	2	2	1	5	41	123	261	382	471	488	460	362	256	140	68	29	9	1	1	1	1	1	1	1	1	2	2	3	3	2	1	1	0	0	0	0	1	1	1	1	1	0	0	0	0	0	0	2	2	2	2	2	1	3	4	7	10	11	10	10	7	2	2	2	2	4	3	3	2	2	1	1	1	1	0	0	0	0	0	0	0	0	0	0	0	1	1	1	2	2	1	1	1	1	1	2	3	4	5	5	7	8	6	5	4	1	2	2	3	3
1	1	1	1	1	0	0	0	0	0	0	0	0	0	0	0	0	0	0	0	0	0	0	0	0	0	0	0	0	1	1	1	1	1	1	1	1	1	2	1	1	1	1	0	0	0	0	0	1	1	2	2	2	1	1	0	1	1	1	1	1	0	0	0	0	0	0	0	0	0	0	0	0	0	0	0	0	0	0	0	0	0	0	0	0	1	1	1	1	1	0	2	28	63	108	164	186	229	311	354	439	458	422	304	224	98	50	39	29	23	20	18	20	17	10	9	3	0	0	0	1	2	2	3	3	2	1	1	0	1	3	5	5	5	4	3	2	2	3	2	2	1	1	1	1	2	2	2	1	1	1	1	1	2	1	1	1	1	0	1	1	1	1	1	0	0	0	0	0	0	0	0	0	0	1	1	2	3	3	2	2	1	0	0	0	0	1	3	3	3	3	2	0	0	0	0	0	0	0	0
2	2	2	1	0	0	0	0	0	0	0	0	0	0	0	0	0	0	0	0	1	1	1	2	2	1	1	1	0	0	0	0	0	1	1	2	2	2	1	1	0	0	0	0	0	1	1	1	1	2	1	1	1	1	0	2	2	2	4	4	2	2	2	1	1	1	2	1	1	1	1	1	2	2	2	2	2	1	1	0	0	0	0	0	2	2	3	5	6	4	5	5	16	56	136	242	334	381	384	348	280	208	141	100	76	64	67	68	63	47	31	17	4	3	3	2	1	1	0	0	0	0	0	1	1	1	2	3	2	2	2	1	1	2	5	6	5	5	4	2	1	1	1	0	0	0	1	1	1	2	2	1	1	1	0	1	2	2	2	2	1	0	0	0	1	1	1	1	1	0	0	0	0	0	0	0	0	1	1	2	3	3	3	3	2	1	1	0	0	1	2	2	2	2	1	0	0	0	0	1
1	1	0	0	1	1	2	2	2	1	1	0	0	0	0	0	0	1	2	2	2	2	1	1	1	1	1	1	2	3	5	5	8	14	23	31	32	32	26	16	8	4	3	3	2	1	1	0	0	2	3	3	3	3	2	3	4	7	13	19	25	24	23	15	8	2	2	2	2	3	2	2	3	3	6	6	7	8	7	8	7	7	5	5	2	1	1	1	1	2	2	2	6	13	84	222	765	1696	2382	3035	3059	2725	1789	1042	257	26	8	4	3	3	3	1	1	1	1	1	2	2	2	1	1	0	0	0	0	1	1	1	1	1	0	0	0	0	0	0	0	0	0	0	0	0	0	1	1	1	1	1	0	0	1	1	1	1	1	1	2	3	3	3	2	1	1	1	1	1	1	1	2	2	1	1	1	1	1	1	1	1	3	12	23	33	58	63	60	52	42	19	10	10	10	6	6	4	3	3	0	0	0	0
1	1	3	3	2	3	3	2	2	2	1	0	0	0	1	2	3	3	3	2	2	3	3	3	3	2	1	1	1	2	3	3	3	4	5	8	19	25	28	26	22	12	5	2	0	0	0	0	0	0	1	1	1	1	2	1	1	1	1	1	1	1	2	2	2	2	2	1	1	0	0	1	1	1	2	2	1	1	1	1	1	1	1	1	4	6	7	10	14	19	28	38	50	83	207	583	1407	2254	2880	3031	2975	2251	1380	648	174	62	35	22	12	8	7	7	6	4	3	3	4	10	16	23	27	26	20	14	8	5	6	6	4	4	2	0	0	1	1	1	1	1	1	1	1	1	1	1	1	1	1	1	1	1	1	1	1	1	1	1	2	1	1	1	1	0	0	0	0	0	0	1	4	17	42	61	84	94	87	63	43	18	2	2	2	1	2	1	1	1	1	0	0	0	0	0	0	0	0	2	2	2	2	2
0	0	0	0	0	0	0	0	0	0	0	0	0	0	1	1	1	1	1	0	0	0	0	0	1	1	2	2	2	1	1	0	0	0	0	0	1	1	1	2	2	1	2	3	2	2	2	1	0	1	1	1	2	2	2	2	3	2	1	1	1	0	1	1	1	1	1	1	1	1	1	1	0	1	2	2	2	2	1	0	1	2	2	2	2	1	0	1	1	3	8	10	13	16	15	30	150	297	428	549	562	479	334	211	68	20	10	4	2	3	3	2	3	3	2	2	2	1	1	0	0	0	0	0	1	1	1	1	1	0	1	1	1	1	1	0	0	0	0	2	3	3	3	3	1	0	0	0	0	1	1	1	1	1	0	0	1	1	2	2	2	1	1	2	2	2	2	1	0	0	1	1	1	2	2	1	1	1	0	0	0	0	0	0	4	5	10	18	18	15	15	10	3	3	1	2	3	3	3	3
3	2	0	2	2	2	2	2	2	2	3	3	2	3	3	5	5	5	3	2	0	0	2	4	5	5	5	3	1	2	3	3	3	3	2	1	2	2	2	3	3	2	2	3	4	6	6	7	6	4	4	4	2	3	4	4	4	5	6	6	11	17	35	47	61	65	66	62	58	59	47	35	27	20	20	17	15	7	3	2	3	6	28	62	121	162	175	170	154	100	61	39	13	16	31	640	2071	3291	4694	5123	4699	3321	2082	658	34	15	7	5	4	3	21	37	52	72	74	60	45	28	7	2	1	1	1	0	1	1	1	4	8	16	19	26	38	43	55	58	55	40	32	18	11	9	4	4	2	2	3	2	2	3	3	3	3	3	2	2	1	1	0	1	1	1	1	1	0	0	0	0	0	1	3	4	5	5	4	2	1	1	1	1	2	2	1	2	2	1	1	1	0	0	0	0	1	2	2	2	2	1	2	4
3	3	2	2	0	0	0	1	1	2	2	2	1	1	0	1	1	1	1	1	0	0	0	0	3	3	3	4	4	1	1	1	0	1	2	2	2	2	2	2	2	3	2	1	1	2	2	3	3	3	3	3	2	3	4	3	3	4	10	19	31	50	64	71	69	60	37	18	6	3	2	2	6	9	16	23	29	29	28	23	20	28	40	55	55	44	34	22	7	5	3	2	2	3	27	211	686	1164	1492	1631	1588	1143	669	329	62	43	48	46	36	29	18	8	5	4	4	3	4	5	3	3	2	2	1	2	2	2	2	1	2	2	2	3	4	4	6	6	5	5	4	4	4	3	2	2	2	2	3	2	4	4	4	4	2	2	1	1	3	3	3	3	2	1	2	4	4	4	4	4	3	3	3	5	7	7	9	9	5	5	5	3	4	3	2	2	2	2	2	1	1	1	0	0	0	1	1	1	1	1	0	0
5	5	5	6	5	4	3	2	1	1	1	2	3	3	2	2	1	2	2	2	3	2	2	2	2	1	2	3	3	3	3	2	1	1	1	1	1	2	2	2	4	4	5	5	5	3	2	1	1	1	0	0	1	1	2	2	2	1	1	1	1	2	2	2	1	2	4	5	7	9	11	18	27	29	28	27	22	10	6	6	3	4	5	4	6	10	12	18	18	17	13	44	351	1148	1938	2723	3074	3036	2715	4197	5466	7646	8342	8099	5942	4106	1643	214	65	53	61	67	65	59	49	37	32	33	30	22	14	7	9	9	11	17	18	22	24	25	17	11	7	2	2	1	1	5	11	14	16	16	14	10	7	7	6	4	4	3	2	0	1	1	1	2	2	1	3	3	4	5	7	5	5	4	5	4	4	3	2	1	0	2	4	4	5	5	3	2	2	1	2	2	2	2	2	1	3	3	3	5	6	3	7	7	5	5	5	4
17	19	22	25	21	17	10	6	2	2	1	2	5	12	15	16	16	12	9	6	7	6	4	4	3	0	0	1	1	2	2	2	1	3	3	4	5	7	5	5	5	5	4	4	3	1	1	2	2	4	5	5	3	3	2	1	1	2	2	2	2	2	1	3	3	4	6	6	5	7	7	5	5	4	4	3	3	3	0	2	3	3	3	3	3	4	4	4	4	4	5	8	16	33	187	523	1304	2226	2823	3375	3375	2713	1832	1102	224	73	16	4	1	0	0	1	3	3	3	3	2	0	1	2	2	2	3	2	1	3	7	8	14	15	15	14	12	8	6	3	3	2	2	5	6	5	5	5	1	1	1	3	6	16	23	29	31	30	21	17	11	7	10	8	8	8	8	5	6	7	8	11	9	8	7	4	1	0	0	3	5	14	22	28	34	34	32	37	54	128	239	321	381	397	363	246	151	66	13	5	4	4	3	3
0	0	0	0	0	0	0	1	2	2	3	3	2	2	2	3	3	5	5	5	6	6	4	4	3	4	4	3	3	2	3	3	3	4	4	3	4	5	3	5	4	3	7	7	7	7	7	3	2	2	1	1	3	4	4	4	4	3	2	3	3	2	2	1	0	1	1	2	4	4	3	4	5	6	9	11	11	9	7	5	2	2	2	3	3	4	4	3	4	9	26	50	86	130	163	200	509	1597	2421	3278	3596	3532	2498	1659	755	148	51	15	4	4	3	3	2	1	2	3	2	6	6	5	7	7	3	3	3	1	1	1	2	1	1	2	2	2	3	3	2	1	1	0	0	0	0	0	0	0	0	0	0	0	0	0	0	0	0	0	0	0	1	2	2	2	5	9	16	20	21	17	15	9	6	5	3	3	5	5	5	5	3	2	4	4	4	3	3	2	4	5	5	5	4	2	1	0	1	2	4	4	5	5
4	3	3	3	5	6	6	4	4	1	0	0	1	2	2	3	3	2	1	1	4	4	4	4	5	5	5	10	10	7	7	7	3	4	5	5	6	6	5	4	4	4	3	6	6	5	5	4	2	2	2	2	2	1	1	1	2	2	2	2	2	1	4	4	4	4	4	3	4	3	3	2	1	0	1	2	2	2	2	3	4	4	5	6	6	8	9	8	5	3	6	14	89	321	616	916	1094	1098	959	734	678	933	1158	1241	1152	916	569	260	34	10	7	9	12	12	12	10	7	6	6	7	7	8	6	6	3	2	2	2	3	3	3	4	4	4	4	5	4	4	4	3	3	2	4	4	3	2	2	0	0	0	0	0	0	2	2	4	4	6	5	5	3	3	2	4	6	6	6	5	4	2	2	1	1	3	3	4	4	4	3	4	4	4	4	3	2	1	2	3	4	4	5	4	3	2	2	1	2	2	3	4
3	3	4	7	7	8	7	7	4	4	4	4	4	3	2	2	1	3	3	5	8	8	6	6	4	3	3	3	5	5	5	7	7	5	8	7	6	8	7	5	4	4	2	2	3	4	5	5	4	3	2	1	2	5	6	10	13	13	13	20	36	84	150	180	188	179	134	67	31	9	5	4	4	4	4	4	4	4	5	4	5	7	6	6	7	7	6	6	8	5	4	4	4	19	67	244	716	1174	1609	1825	1777	1452	1093	724	470	359	261	153	74	48	30	15	7	3	4	4	4	12	31	52	78	86	78	73	141	256	357	425	427	359	249	176	208	315	365	367	353	303	195	120	51	25	10	3	2	2	5	5	5	5	5	6	9	12	16	17	17	14	11	15	14	20	19	14	8	6	2	2	2	3	3	3	3	3	3	3	4	4	3	2	2	0	0	1	4	6	7	9	8	5	5	5	4	5	6	6	7	10	10	8
5	7	9	16	32	67	208	412	633	816	856	802	631	402	187	64	21	11	6	5	7	6	7	7	6	4	3	1	1	1	1	0	0	1	1	1	1	1	2	3	5	6	7	5	5	6	8	10	10	9	7	4	2	2	3	2	2	2	2	2	2	3	4	4	7	7	5	4	3	1	1	2	4	7	7	7	5	4	2	3	4	3	3	3	5	10	25	60	79	105	114	115	89	73	55	58	121	555	1128	1647	2218	2243	1937	1360	843	209	28	12	4	3	3	2	3	3	3	3	3	1	1	2	5	6	8	11	12	10	9	8	4	4	5	5	5	4	3	2	0	1	1	1	1	2	2	2	2	2	1	1	2	3	2	2	2	1	0	0	0	1	1	2	3	4	3	2	3	2	2	2	3	4	4	5	6	4	3	2	0	0	1	1	1	3	3	2	2	2	0	0	0	2	4	4	4	4	2	1	1	1	2	1
2	4	4	4	4	4	3	3	2	3	2	2	2	2	0	1	1	1	1	1	0	0	0	0	0	0	2	5	7	8	8	6	3	2	2	4	5	5	4	4	3	6	7	9	12	10	7	5	3	0	0	2	4	4	5	5	3	1	1	0	0	1	2	4	5	6	8	8	8	8	8	9	9	7	6	3	2	2	3	3	3	3	3	3	3	3	2	2	1	1	2	4	5	10	43	164	465	989	1375	1710	1751	1629	1134	714	270	52	10	5	5	4	3	3	4	4	4	4	3	3	6	10	13	15	17	11	8	6	4	2	2	2	1	3	3	4	4	4	6	17	68	133	192	250	254	215	150	91	21	5	4	3	5	6	6	5	4	5	6	7	6	4	4	4	4	4	3	1	2	2	4	5	5	5	6	4	4	4	3	5	5	4	3	3	1	2	2	2	2	2	2	2	3	4	4	4	4	4	10	10	11	10
2	2	2	3	3	5	6	7	10	12	17	23	24	21	19	15	7	6	4	4	4	5	5	4	4	3	2	3	3	3	4	3	3	3	2	1	1	1	1	3	3	2	2	3	5	6	9	9	7	6	5	2	2	2	4	6	6	6	5	3	3	3	4	4	3	2	4	3	4	4	3	1	1	0	0	1	2	5	7	8	10	18	31	41	57	62	57	47	112	669	1583	2404	3167	3257	2903	2039	1248	425	255	342	441	485	481	623	968	1352	1768	1865	1717	1308	845	336	83	30	15	7	7	7	5	4	4	3	3	2	1	2	2	2	4	4	4	5	5	4	4	5	5	6	6	5	3	4	6	6	5	7	5	4	4	5	6	6	5	5	5	5	5	4	3	0	1	2	4	5	5	6	5	3	2	1	0	0	0	0	1	4	4	5	7	7	5	5	4	2	1	2	3	4	4	4	4	4	2	4	3	5	6	6	5	7
1	1	2	2	2	1	1	1	6	23	35	46	50	50	33	22	11	2	3	5	5	5	5	4	2	3	3	3	2	2	1	2	2	2	3	3	3	4	6	5	5	4	5	3	3	2	2	1	1	3	2	4	5	5	4	5	4	3	2	2	1	2	2	3	3	2	1	1	1	1	3	14	48	70	94	100	97	68	47	24	11	9	11	9	7	4	1	0	0	0	2	8	40	120	230	377	670	1017	1313	1539	1556	1434	1066	668	286	69	8	1	2	3	9	25	29	35	49	47	33	31	24	8	7	5	5	5	5	4	4	3	2	2	1	2	2	1	1	1	0	1	1	4	4	4	6	6	3	4	4	1	1	1	0	1	2	3	3	3	2	1	0	0	0	0	0	0	1	1	2	2	2	2	3	5	5	4	5	4	2	2	3	3	3	6	8	11	17	18	20	17	15	11	10	8	7	5	3	1	1	2	2	3
3	3	4	4	5	6	4	2	2	2	2	3	5	6	4	5	4	2	1	2	3	3	4	5	4	3	3	2	1	2	3	3	3	3	3	2	2	2	2	3	4	4	4	4	4	4	3	7	7	6	6	5	1	3	3	7	12	13	18	18	18	13	11	4	0	0	1	1	2	2	2	1	1	1	1	2	2	3	4	6	6	6	4	3	1	0	0	1	1	1	3	3	4	7	8	45	131	234	340	388	384	306	203	95	16	3	2	3	2	3	3	3	3	3	2	5	5	6	6	7	4	4	2	2	1	0	0	0	1	1	2	3	3	3	3	2	1	2	2	5	6	6	5	5	2	1	3	2	3	3	3	2	2	2	3	3	3	2	3	3	2	3	4	3	3	3	2	2	4	5	5	6	5	6	5	4	2	3	2	3	5	5	3	3	3	4	5	5	5	4	2	2	2	5	5	4	4	3	2	2
2	1	1	1	2	2	3	3	2	1	2	3	3	4	4	2	2	2	2	2	3	10	12	22	24	22	15	13	3	2	6	6	6	7	7	3	3	3	1	1	3	3	3	3	3	0	1	2	2	3	4	3	4	4	4	6	6	6	6	6	6	6	6	5	4	4	4	3	3	1	1	3	4	3	5	5	4	7	9	7	6	6	2	1	1	1	2	2	3	4	7	13	20	30	66	135	283	566	956	1211	1332	1350	1146	732	408	138	27	12	7	4	1	3	3	4	5	6	6	5	4	4	2	3	3	2	2	1	0	0	0	0	0	1	2	2	2	2	1	1	3	6	6	8	8	6	3	3	0	0	1	1	4	6	7	11	12	9	9	9	7	9	11	16	15	16	16	16	12	13	11	6	5	4	3	4	4	3	5	6	9	10	10	8	7	4	2	5	5	6	8	8	7	8	7	5	4	2	0	0	0	0
6	4	5	5	5	5	4	5	6	4	5	5	4	6	6	6	7	6	4	3	4	4	3	3	2	0	0	1	2	2	2	3	2	2	6	7	6	5	5	4	3	4	4	4	2	2	4	4	6	6	6	5	4	3	3	2	2	2	3	2	2	3	4	4	6	6	5	4	4	2	2	3	6	8	10	9	8	6	5	5	5	3	4	6	6	7	7	5	9	20	26	36	37	32	45	129	475	971	1270	1502	1501	1260	795	486	164	69	121	178	226	230	200	139	76	22	4	11	26	37	64	85	91	91	90	69	41	22	9	4	4	5	7	10	12	23	30	38	64	129	262	365	458	483	441	315	207	83	17	5	2	2	2	2	2	0	1	1	1	2	3	3	3	3	2	1	2	3	6	6	5	4	3	0	0	0	0	1	1	1	4	4	4	5	6	4	4	4	4	3	4	4	3	4	3	3	3	3	2	1	1	1
73	95	101	94	55	37	14	6	6	5	10	12	13	14	13	7	4	3	3	4	5	5	4	3	4	3	3	4	3	3	3	2	1	1	1	2	2	2	1	1	0	0	2	2	3	4	4	3	3	1	2	3	4	4	4	3	1	0	1	2	2	4	4	4	5	5	3	3	4	3	5	5	4	3	3	1	0	2	2	2	2	2	1	4	4	4	5	5	4	4	10	31	46	70	104	135	261	488	664	827	854	790	552	332	123	19	6	4	3	1	1	1	1	3	3	3	4	4	4	4	4	3	4	5	6	8	7	6	4	3	3	4	5	6	6	4	5	5	4	5	6	5	7	9	7	7	6	4	2	0	1	2	2	3	3	2	5	5	4	5	4	2	2	4	4	6	6	6	5	5	2	2	1	3	4	5	4	4	2	3	2	2	3	2	1	1	1	3	3	3	5	4	5	7	7	6	6	5	4	4
3	3	3	7	7	7	7	6	4	4	4	4	4	3	3	3	6	7	7	7	6	4	3	4	4	3	4	5	6	6	8	8	6	7	8	8	10	9	8	5	4	3	3	4	5	5	8	9	9	9	8	5	4	8	23	35	49	52	49	38	28	16	11	7	4	7	7	11	14	13	13	13	9	13	15	17	17	18	13	11	8	7	7	5	4	4	8	9	13	16	20	28	56	175	493	1028	1655	2121	2186	2156	1862	1409	996	759	568	376	220	90	29	13	7	2	1	0	1	4	5	6	6	6	3	3	2	2	2	4	10	11	11	11	7	1	4	6	10	10	10	6	9	10	12	14	14	7	5	4	5	9	13	14	21	20	21	20	18	13	8	7	8	10	13	21	24	24	29	37	111	312	821	1464	1925	2291	2301	1951	1343	812	254	133	256	340	373	380	328	198	101	47	12	7	7	7	17	20	31	37	33	26	24	18	17	18
2	1	1	2	2	3	4	4	4	4	3	3	5	5	7	7	5	4	14	24	67	106	114	149	168	124	86	73	30	18	18	10	3	3	1	1	1	1	0	1	1	3	3	3	2	3	12	13	18	54	79	68	70	69	29	8	9	3	3	2	1	0	0	0	0	0	1	2	2	2	2	1	3	3	4	4	4	3	3	2	1	0	1	1	5	7	8	10	12	13	11	11	10	4	7	30	921	1028	1079	1367	1539	670	563	510	170	6	5	3	2	2	1	1	1	0	0	0	0	0	0	0	0	0	0	0	0	0	0	0	0	0	0	0	0	0	0	0	0	0	0	0	0	0	0	0	0	0	1	1	1	1	1	0	0	0	1	1	1	1	1	0	0	0	0	0	1	1	1	1	1	0	0	0	0	0	0	0	0	1	1	1	1	1	1	2	2	2	2	2	1	1	1	1	1	1	1	1	1	0	0	1
9	10	11	10	8	8	3	2	1	0	0	0	0	1	3	3	3	3	3	2	2	2	2	3	3	4	4	3	2	2	2	1	1	2	2	1	1	1	1	1	2	4	5	5	5	4	2	1	3	3	3	2	2	3	3	3	3	1	3	5	6	10	10	12	36	51	60	78	75	59	43	31	13	6	3	3	2	3	3	4	4	7	7	6	5	5	2	2	3	3	6	6	6	23	60	170	355	549	681	723	713	614	420	275	148	47	28	13	3	3	2	2	4	4	4	4	4	5	6	6	6	7	5	4	4	5	4	5	6	6	4	3	2	1	1	1	2	3	4	4	4	4	3	2	1	1	0	0	2	2	2	3	2	2	3	3	2	2	1	1	1	2	5	7	8	11	10	8	5	5	6	11	15	26	33	40	49	49	41	32	22	12	7	5	3	3	5	5	5	2	2	2	3	4	7	7	7	6	5	2
0	0	1	3	3	3	3	1	0	0	1	1	2	2	2	1	1	1	2	2	4	4	3	4	7	5	5	7	6	3	4	4	2	2	2	1	1	1	2	4	6	9	9	8	7	4	1	1	1	1	1	3	3	3	3	3	1	0	1	1	1	2	3	2	2	2	1	0	1	2	2	2	2	1	2	5	6	7	7	6	3	2	1	0	0	2	3	6	7	7	5	4	5	33	138	248	404	550	594	619	625	549	408	292	167	70	43	30	14	13	7	3	3	3	5	6	4	3	4	3	2	4	4	4	4	3	3	2	1	1	1	1	1	1	2	1	1	1	2	1	1	2	2	1	1	1	0	0	0	0	0	1	1	1	1	1	0	0	0	0	0	0	2	3	3	3	3	1	1	1	1	1	1	0	1	1	1	1	1	0	0	0	0	0	2	3	6	13	19	19	18	15	10	4	3	3	1	1	1	5
1	0	0	0	1	1	2	3	3	3	3	3	2	2	1	1	2	4	5	9	10	11	16	17	21	19	18	12	7	3	1	1	2	2	1	1	1	1	1	1	1	1	0	0	2	2	2	2	3	2	4	11	29	56	80	95	95	78	55	35	21	24	23	21	16	10	6	3	3	3	2	4	4	2	2	3	2	4	4	4	3	3	2	2	2	2	2	3	3	3	4	6	31	302	844	1403	1962	2109	2040	1538	1048	619	593	695	689	557	372	210	48	18	10	3	2	2	2	2	3	5	4	4	4	3	1	1	0	1	1	3	4	6	6	5	5	4	1	1	2	1	1	1	0	0	0	1	1	2	7	13	29	109	301	457	624	654	624	447	283	104	24	6	3	3	2	1	1	3	3	3	4	4	4	4	4	3	1	0	1	2	2	2	2	1	0	0	0	0	0	0	1	2	3	3	3	2	1	0	2	3	4	4
1	2	3	2	2	3	2	1	1	1	1	1	1	1	0	1	1	2	2	2	2	2	1	1	1	1	1	1	1	1	1	2	2	2	1	1	0	0	0	1	1	2	2	2	2	2	1	1	1	2	2	2	2	1	0	0	0	0	0	0	1	1	4	7	7	6	6	5	3	3	3	2	1	2	2	2	2	2	1	1	1	1	2	2	1	2	3	3	3	3	2	2	6	16	39	77	246	540	818	1111	1181	1110	820	529	199	35	9	4	4	4	7	7	6	5	6	3	3	2	2	1	2	2	2	2	2	1	1	1	1	1	1	0	0	0	0	0	0	0	0	1	1	1	1	1	0	0	0	0	0	0	2	2	2	2	2	0	2	2	3	3	3	1	1	0	0	1	1	1	1	1	0	0	1	1	2	4	5	4	4	4	2	2	3	2	2	2	2	2	2	1	2	2	1	2	1	1	1	1	0	1
1	2	2	2	1	1	0	0	0	1	1	1	1	1	0	0	0	0	0	0	0	0	1	2	2	2	2	2	1	1	1	1	0	0	0	0	0	0	0	0	0	0	0	0	0	1	1	1	1	1	0	1	1	1	1	1	0	3	3	4	4	4	1	1	0	0	0	0	0	0	0	0	0	0	0	0	1	1	1	1	1	3	4	4	5	5	7	7	9	16	25	41	77	229	472	682	928	964	865	686	638	788	966	994	891	646	377	135	28	4	3	1	0	0	0	0	0	0	1	1	1	2	2	1	2	2	1	5	5	4	4	4	0	0	0	0	1	2	3	3	3	2	1	0	2	3	4	8	9	7	8	6	3	2	1	0	0	0	0	0	0	0	0	1	1	1	2	2	3	5	5	4	4	2	3	3	3	3	2	0	0	0	2	2	2	2	2	0	0	0	0	0	1	1	1	1	1	0	0	1
4	2	2	2	4	4	4	2	3	1	2	2	2	1	1	0	0	0	1	1	1	1	1	0	0	1	1	1	1	1	3	4	4	4	3	1	1	1	2	2	1	2	2	1	1	1	1	2	2	2	2	1	0	2	2	3	3	3	2	2	1	2	2	1	1	2	1	1	2	4	4	4	4	3	0	0	0	0	1	1	1	1	1	0	1	1	1	1	1	0	0	1	10	20	36	65	88	191	333	503	689	743	713	584	383	166	27	4	4	3	2	2	0	0	0	0	0	1	1	1	2	2	1	1	1	0	0	0	0	0	0	0	0	0	1	2	2	3	3	3	5	5	7	7	5	3	3	2	3	3	3	3	2	3	3	2	2	1	2	3	4	4	4	3	2	1	1	1	0	0	1	2	2	2	3	2	2	2	2	2	2	1	1	0	0	0	0	1	1	2	3	3	3	3	2	2	2	1	1	1
1	1	1	0	0	0	1	2	2	2	2	1	0	0	0	0	0	0	1	2	2	2	2	1	0	1	2	2	2	2	2	1	2	3	3	5	5	4	3	2	3	3	3	5	4	4	4	4	2	2	2	3	2	3	5	4	3	3	2	0	4	4	4	4	3	1	2	10	12	13	17	16	12	10	8	4	0	1	1	1	1	2	3	5	8	10	9	8	6	3	4	25	62	93	150	206	266	528	1022	1409	1790	1866	1767	1234	767	284	24	9	5	5	5	3	5	7	11	15	16	13	10	6	3	2	1	1	1	1	1	1	1	1	1	2	2	3	2	3	3	3	3	3	3	3	3	4	4	3	3	3	2	2	2	1	2	1	2	2	2	2	2	3	3	3	3	3	2	3	2	2	5	4	4	4	4	2	2	3	4	4	6	7	6	5	5	4	3	2	3	3	3	3	3	3	3	2	3	4	2	2	2	1
1	0	0	1	1	1	1	2	1	1	1	1	2	2	2	2	1	0	0	0	0	0	1	1	2	2	2	1	1	0	1	1	2	2	2	2	2	1	1	1	2	2	2	1	1	1	2	4	4	4	3	2	0	0	0	0	0	0	0	0	0	0	1	1	3	4	4	4	7	8	7	7	7	6	5	5	6	5	2	4	4	3	3	3	2	3	4	4	3	3	3	7	13	34	221	855	1627	2444	2880	2886	2521	1848	1059	481	238	160	113	70	34	12	17	21	21	17	14	7	2	2	2	0	1	1	1	1	1	1	1	1	1	1	0	0	0	0	0	0	1	1	1	1	3	4	4	5	5	2	3	3	2	3	3	2	2	2	1	1	1	1	2	1	1	1	1	1	1	1	2	2	2	2	3	2	2	1	1	0	1	2	3	3	3	2	1	0	0	0	0	1	1	1	1	1	1	1	1	1	2	2	2	4
5	5	6	4	5	5	3	2	2	0	0	0	0	0	0	1	1	1	1	1	1	1	2	2	1	1	2	2	3	3	4	5	5	5	5	2	1	0	0	0	1	1	2	2	2	2	2	3	3	3	5	5	3	3	2	0	1	1	3	3	4	3	3	1	3	4	5	5	5	2	0	0	0	0	0	0	0	1	2	4	4	4	2	2	0	0	0	0	0	2	2	2	10	42	115	402	750	1210	1488	1497	1401	1117	617	276	66	2	1	1	2	3	3	7	9	11	10	10	6	5	4	4	3	1	1	1	1	2	7	21	39	62	76	79	68	53	31	13	5	2	1	1	1	3	3	2	2	2	0	0	0	1	1	1	1	1	0	0	0	0	1	2	2	4	4	5	4	4	3	3	1	1	1	2	2	3	3	2	1	7	25	52	81	86	83	76	50	25	19	20	22	22	17	10	7	2	1	1	1	2	2	4
0	1	1	2	4	4	4	5	4	3	3	2	1	1	2	2	3	3	3	1	3	23	41	70	84	86	77	59	31	22	20	21	22	19	14	7	5	1	0	1	2	2	4	4	3	5	6	6	8	9	7	8	5	4	2	2	0	0	0	0	0	0	0	1	1	1	2	2	1	1	1	0	0	0	1	1	2	2	3	4	4	4	4	2	1	1	2	3	3	5	6	9	20	31	77	277	1069	1844	2536	2953	2920	2198	1433	684	115	36	20	14	10	5	4	3	3	2	0	0	0	0	0	0	0	0	1	1	1	1	2	1	3	5	6	8	10	10	9	8	9	9	7	8	14	25	45	80	122	146	159	158	134	87	54	25	13	8	2	2	1	1	1	0	0	0	0	0	1	1	1	1	2	1	2	4	4	3	5	4	2	2	2	0	0	0	0	0	0	0	1	2	2	2	2	1	1	1	1	2	3	3	3	2
1	1	1	0	0	2	2	2	4	4	3	3	3	1	1	1	1	1	1	1	1	1	1	2	2	2	2	2	1	1	2	2	2	2	1	1	1	1	1	1	0	0	0	0	0	1	1	3	5	8	9	9	9	7	3	2	1	0	0	2	2	3	3	5	12	54	85	115	136	136	95	65	31	7	5	6	6	3	2	1	0	1	1	1	2	2	2	2	3	3	3	2	3	6	37	128	266	468	653	690	679	618	440	229	121	43	23	21	14	10	3	4	11	24	29	36	34	31	20	18	11	5	4	1	1	1	1	1	2	3	3	4	3	2	1	1	0	1	1	1	1	1	1	1	1	1	2	1	2	2	1	1	1	1	1	1	3	2	2	2	2	0	1	1	2	2	3	3	5	4	5	5	4	3	3	2	2	3	3	3	3	3	2	1	0	0	0	1	1	1	1	1	1	1	1	1	1	1	1	1
3	3	3	4	6	3	4	4	3	1	1	0	0	1	1	1	1	3	4	5	5	4	4	4	4	4	4	4	4	5	5	3	2	2	1	1	1	1	1	1	1	2	2	2	2	2	1	3	3	3	6	7	6	6	5	2	2	2	5	7	7	7	7	4	4	4	3	3	3	1	0	2	2	3	8	20	32	55	62	60	49	38	15	8	5	2	6	10	18	46	66	106	172	272	348	455	758	1153	1503	1929	1930	1810	1454	1038	476	211	56	14	9	6	7	10	22	25	39	46	54	79	112	146	157	159	147	113	70	43	23	6	4	3	3	3	3	5	5	4	5	5	2	2	2	1	2	4	5	5	5	4	6	8	15	26	41	67	78	85	81	65	38	20	5	3	2	2	1	1	1	2	2	2	2	2	2	2	3	4	3	5	6	4	4	5	4	3	3	3	3	3	3	2	2	0	0	1	1	1	1	2	2	2
2	2	0	0	2	2	3	3	3	2	7	17	21	31	30	27	19	15	5	2	0	2	2	4	5	6	4	5	8	12	18	29	26	24	20	13	4	3	1	1	1	1	1	1	1	1	1	1	2	5	5	5	6	6	5	5	5	3	4	2	3	3	3	3	3	3	2	2	2	2	3	3	2	2	3	6	8	8	8	6	3	3	3	3	3	2	2	3	6	9	12	14	18	24	47	337	891	1407	1995	2147	2036	1560	1079	467	148	65	27	10	5	1	2	2	2	2	4	6	9	12	12	9	8	5	2	2	2	4	5	7	5	5	4	3	1	1	0	0	1	2	3	3	5	10	11	15	15	13	8	8	4	3	3	3	3	2	3	3	5	7	7	7	7	16	30	37	46	45	38	25	18	8	5	3	5	5	4	4	5	5	6	6	5	4	2	1	1	0	0	0	0	0	2	2	3	3	3	1	1	1	2	3
0	0	0	0	1	2	2	2	2	1	1	2	3	3	3	2	1	0	1	1	1	1	1	0	1	1	2	2	2	1	1	2	2	2	2	1	1	1	1	1	0	0	0	0	0	0	1	1	2	2	2	2	2	1	1	1	0	2	6	7	11	13	12	10	9	5	4	3	3	3	1	1	1	1	1	1	0	0	0	0	0	0	3	3	6	7	7	8	8	5	4	4	1	8	47	174	396	653	857	890	858	676	433	198	71	24	8	2	2	4	4	4	2	2	1	1	1	1	1	0	0	0	0	1	2	2	2	2	4	4	4	5	5	1	1	1	1	1	1	2	1	1	1	1	1	1	1	1	0	0	1	1	1	2	3	2	3	3	3	2	2	1	0	0	0	0	0	0	0	1	1	1	1	1	0	0	0	0	0	1	1	2	3	3	4	4	4	3	3	2	2	9	25	47	78	102	106	99	79	48
2	2	2	1	1	1	2	2	2	3	3	2	2	2	3	4	4	5	4	4	3	2	1	0	0	0	0	0	2	2	5	5	6	4	4	5	6	7	7	5	4	3	2	2	2	3	3	3	4	4	3	3	3	1	1	2	2	2	3	2	2	4	4	5	6	6	5	5	21	27	49	71	70	58	53	31	10	7	5	3	2	1	2	2	2	3	4	3	3	3	3	13	35	101	225	357	486	534	524	479	390	276	202	143	141	124	116	110	74	49	22	6	2	2	2	1	1	1	1	1	1	1	1	2	3	3	3	4	4	4	4	3	2	2	1	1	1	1	1	3	3	3	2	2	1	1	1	2	3	3	3	4	3	1	1	1	0	0	0	2	3	4	5	4	4	3	2	1	0	0	0	0	1	1	1	2	2	2	2	2	1	3	4	4	4	4	1	1	1	1	2	2	1	4	4	3	3	3	2	2
4	4	4	3	1	0	0	0	0	0	0	1	1	2	3	3	2	2	1	0	0	2	3	3	4	4	2	1	1	2	3	4	4	3	2	1	0	1	2	2	3	4	3	3	3	2	1	1	0	3	4	7	11	13	11	10	7	2	2	3	4	5	5	4	4	3	2	1	0	0	1	3	3	3	2	2	3	4	4	4	3	1	1	1	1	2	2	3	6	6	6	5	4	4	5	24	142	322	461	611	633	546	364	223	57	0	0	0	0	0	0	0	0	0	0	0	1	1	1	1	1	2	2	2	2	2	0	0	0	1	1	1	2	3	3	3	3	3	2	2	2	2	1	0	0	0	0	1	1	1	3	3	2	2	2	0	0	0	0	0	0	0	0	0	2	2	2	2	2	1	1	4	5	5	5	4	2	0	0	0	0	0	0	0	0	0	0	0	0	0	1	1	1	1	2	2	2	3	3	2
0	0	0	0	0	0	1	4	5	5	5	4	1	0	0	1	1	2	2	2	1	1	1	2	3	3	3	3	3	2	2	2	0	0	0	0	0	1	2	3	3	3	3	2	2	2	4	5	5	5	5	3	3	6	10	10	11	11	8	6	5	3	3	4	5	6	6	3	2	1	0	0	2	2	2	4	3	3	4	4	4	3	3	3	3	2	2	1	1	1	1	4	5	9	31	112	240	404	601	687	703	639	514	301	129	46	7	3	3	3	2	1	2	3	3	3	3	2	1	4	4	6	7	7	8	7	6	6	4	2	2	3	4	5	4	4	3	3	3	3	3	2	4	3	2	5	6	4	5	5	2	3	3	2	2	5	4	4	5	4	2	3	3	2	2	2	1	1	1	0	0	0	2	2	2	2	2	0	0	0	0	1	2	2	3	4	3	2	2	1	0	1	1	1	2	4	8	10	17	17
4	4	4	4	4	2	0	0	0	1	1	1	1	1	0	0	2	2	2	2	2	0	0	2	3	5	6	6	7	7	6	5	4	1	1	0	0	1	2	2	3	3	2	1	1	0	0	0	0	0	0	1	3	8	15	15	16	17	13	10	9	7	5	4	2	2	1	1	2	2	2	3	2	2	2	2	1	2	2	2	5	6	5	5	5	2	2	1	1	2	2	3	4	4	3	16	55	108	177	217	221	204	159	99	48	26	17	12	8	5	3	2	3	3	2	2	1	0	0	0	1	1	2	2	2	1	2	1	1	1	1	1	1	1	1	2	2	2	2	2	1	0	1	1	1	1	1	0	0	1	1	1	1	2	1	1	1	1	0	0	0	0	0	3	3	3	3	3	0	1	1	3	5	6	5	5	4	2	2	3	2	2	1	1	0	0	0	0	0	0	0	0	1	2	3	3	3	3	2	1
1	1	3	3	4	6	6	4	3	3	1	1	1	0	1	1	1	2	3	2	2	2	1	0	0	0	0	1	1	1	1	1	1	1	3	3	3	2	2	1	1	3	4	4	5	5	4	3	3	4	6	8	10	11	10	8	8	7	6	4	1	0	0	0	0	0	0	2	4	6	9	11	9	7	5	2	1	1	1	1	0	1	1	1	1	1	1	2	2	2	2	4	5	9	43	210	562	861	1161	1224	1132	819	559	248	110	68	30	9	2	2	2	2	3	5	7	6	6	5	2	2	2	2	2	2	0	0	0	0	0	1	1	1	2	3	2	3	4	3	2	2	1	0	1	2	2	2	2	1	0	0	0	0	0	0	0	0	1	1	1	1	1	1	1	1	1	1	0	0	0	0	0	1	1	1	1	1	0	0	0	0	0	0	0	0	1	1	1	2	2	2	2	2	1	2	1	1	1	1	0	2
7	7	6	5	2	2	2	5	6	8	8	6	5	6	6	6	6	6	3	6	10	11	13	12	9	4	3	2	2	3	3	3	2	2	2	1	2	4	5	5	5	5	3	3	3	3	3	2	2	2	1	2	2	2	4	3	3	4	4	2	2	2	2	3	3	4	4	3	2	2	2	3	12	19	29	58	66	77	81	83	79	80	80	71	41	32	11	4	4	6	18	43	85	242	947	2129	3524	4888	5537	5609	5226	4420	3501	2439	1634	995	409	104	19	7	6	1	0	1	1	1	2	5	9	10	10	10	8	4	5	5	3	3	3	6	8	8	8	8	7	7	7	5	3	2	3	3	2	2	1	0	2	2	2	2	1	0	0	9	11	14	18	20	22	23	27	26	25	15	14	7	3	3	3	2	2	3	2	3	3	2	1	2	1	2	2	2	2	2	2	4	3	4	8	14	29	45	58	58	52	42	27	11	8	3
0	1	1	2	2	2	1	1	1	1	2	2	2	4	4	3	4	3	2	2	2	1	1	0	1	1	2	3	4	3	3	4	3	2	2	1	1	1	1	1	1	2	2	2	2	3	4	4	5	5	2	3	3	2	2	2	0	2	2	2	4	4	2	4	4	3	3	3	1	1	2	4	5	5	4	3	2	1	1	2	2	4	6	9	11	15	16	14	14	11	6	8	9	15	19	67	152	210	283	299	267	191	129	57	32	31	28	24	16	5	4	1	2	2	2	3	3	2	2	2	0	0	0	0	0	0	0	0	0	0	0	0	1	1	2	2	2	3	3	2	2	1	1	2	6	7	11	16	16	13	12	7	3	2	2	2	1	0	1	2	2	3	3	2	3	4	3	3	3	2	3	4	4	4	6	6	6	6	4	1	0	2	8	10	18	22	20	23	25	25	28	23	20	16	10	8	9	7	7	8
6	6	6	5	3	2	2	1	1	1	0	2	2	2	2	2	2	3	3	5	5	3	3	3	1	1	1	0	0	1	1	1	1	0	0	0	1	2	4	5	6	6	5	4	3	2	3	3	3	3	3	3	5	5	6	6	7	5	5	5	4	4	4	2	3	5	8	9	9	7	4	1	0	0	0	0	0	0	0	1	1	1	1	1	1	2	2	4	4	5	26	90	221	393	551	625	627	658	1013	1616	2120	2454	2501	2205	1501	894	372	65	31	18	8	6	5	3	3	2	3	4	5	8	7	5	4	3	0	1	2	2	3	3	2	2	2	1	2	2	1	1	1	0	1	1	1	2	2	2	4	4	5	4	4	3	2	3	4	4	4	4	4	3	2	1	1	0	2	3	3	3	3	2	1	1	1	0	0	1	3	3	3	3	2	0	1	1	3	3	3	2	2	2	3	3	3	3	1	1	1	1	1	1
1	1	1	1	1	1	1	1	1	1	0	0	0	0	0	1	1	2	2	2	1	1	0	0	0	0	0	0	2	3	3	3	3	2	1	1	1	2	3	3	3	2	1	0	0	3	28	62	104	134	136	115	80	38	7	0	0	1	1	2	2	2	1	1	0	0	0	0	0	0	0	0	1	4	10	11	18	28	31	44	48	49	46	46	43	44	42	35	29	22	27	63	203	383	508	682	691	602	694	724	996	1098	1095	876	676	336	126	76	52	51	46	36	27	14	6	7	4	2	2	2	3	2	2	2	2	1	1	1	0	0	0	2	2	2	2	1	2	4	5	5	4	6	4	4	4	3	1	1	0	0	2	4	6	7	7	5	3	2	1	2	3	4	4	4	4	4	13	16	24	25	24	22	20	13	10	6	4	3	3	3	1	2	8	34	85	420	1106	1768	2506	2671	2545	1887	1220	427	52	11	7	5	4	2
22	29	80	260	422	582	688	691	585	695	802	1071	1098	1046	843	576	251	103	57	52	50	44	31	26	12	7	7	3	2	2	3	3	2	2	2	1	1	1	1	0	0	1	2	2	2	2	2	3	5	5	5	6	5	3	4	4	1	1	1	0	1	3	5	6	7	6	4	2	2	1	2	3	4	4	4	4	10	14	16	24	25	21	22	20	13	10	6	4	3	3	2	1	2	13	40	147	611	1316	1979	2619	2671	2375	1675	983	244	27	7	7	4	4	2	2	2	2	1	0	0	3	3	3	3	3	1	3	5	6	6	5	4	2	2	2	2	2	2	1	1	1	2	2	2	1	1	0	0	2	3	3	3	3	1	1	2	3	3	2	3	2	1	1	1	0	3	3	3	4	4	1	1	2	2	3	3	3	2	1	0	0	0	0	0	1	2	3	4	5	6	8	7	7	5	2	1	1	1	3	3	4	3	3
0	0	0	1	1	1	2	2	1	5	5	5	5	5	1	0	0	0	0	0	1	1	1	4	6	6	7	7	4	4	4	6	7	6	5	6	4	3	5	6	8	9	9	8	8	8	9	9	7	7	5	3	1	0	0	1	1	2	2	4	7	10	9	12	26	68	155	243	337	425	456	451	435	392	282	196	117	54	30	18	11	9	9	8	7	4	4	5	6	8	31	212	428	644	910	1010	919	765	572	304	134	195	465	697	925	1018	960	679	442	194	24	8	7	6	5	4	4	4	3	3	2	2	2	1	1	2	4	6	6	6	6	3	3	4	4	4	5	4	4	4	4	3	3	5	3	4	5	4	2	2	1	1	2	3	3	3	2	1	1	1	2	2	2	1	1	0	4	5	6	7	7	3	3	2	1	1	1	1	1	1	1	1	1	2	2	2	1	1	2	5	13	27	43	58	61	66	61	48	32	22
4	4	2	2	2	2	3	3	3	3	2	1	2	4	4	6	6	5	3	2	0	0	2	2	2	2	2	0	0	1	2	2	3	4	3	2	2	1	1	1	1	1	2	1	3	3	3	4	5	5	5	5	4	1	2	2	2	2	2	2	2	2	2	2	2	2	3	4	4	3	3	3	4	4	6	6	16	38	79	121	133	140	131	97	55	31	17	20	24	26	28	24	14	16	53	217	707	1220	1702	2003	1963	1552	1040	511	100	13	10	12	12	15	17	17	27	52	87	128	143	144	139	112	75	61	43	78	128	215	297	315	298	245	153	65	139	546	1197	1823	2256	2366	2262	1754	1108	598	185	58	58	69	68	62	44	29	12	9	8	8	8	4	5	5	5	6	4	1	2	5	4	5	5	3	1	3	2	2	3	4	3	3	3	1	2	1	1	3	3	2	2	2	0	4	5	5	9	9	5	5	5	2	2	1	1	2
165	73	114	481	1068	1731	2191	2366	2306	1867	1203	675	208	66	57	69	69	62	48	30	14	9	8	8	8	5	4	5	5	6	4	2	2	5	4	4	5	4	1	3	3	2	3	4	3	3	3	2	2	1	1	3	3	2	2	2	0	3	5	5	8	9	6	5	5	2	2	1	1	2	2	1	3	6	19	22	23	20	17	4	4	4	4	6	6	5	5	5	6	12	30	58	78	101	315	2055	4918	7853	10844	11355	10538	7872	4964	1726	332	78	37	19	11	13	13	10	9	6	2	4	4	8	10	11	16	15	11	8	5	3	4	6	6	5	4	3	2	3	5	5	7	11	14	12	11	10	4	3	3	2	3	3	1	1	1	0	0	0	1	1	2	2	2	2	2	3	4	4	3	2	1	1	1	1	1	1	0	1	2	2	3	4	3	3	3	2	1	0	1	1	2	2	2	2	2	1	1	0	3	3	3	5	5	3
2	1	1	1	1	1	2	3	3	4	6	5	5	4	4	2	2	2	2	3	3	3	4	3	3	3	2	6	7	10	11	10	5	3	1	0	0	0	0	2	3	4	5	5	5	5	6	5	3	3	3	3	3	3	2	3	2	2	3	3	2	3	3	2	2	4	4	4	3	3	3	2	3	4	3	4	4	3	2	2	1	1	0	6	25	80	147	214	274	274	247	205	177	175	195	379	1083	1911	2675	3230	3202	2575	1754	947	210	67	27	10	6	8	8	8	7	5	3	3	3	5	3	2	3	2	2	2	2	2	1	1	3	2	3	4	4	3	3	3	3	2	3	4	4	4	4	2	1	0	0	0	0	0	0	1	2	2	3	3	2	2	2	2	2	2	2	2	2	2	2	2	3	3	2	1	1	0	1	1	1	4	4	3	3	3	0	0	0	1	1	1	1	1	1	1	4	4	4	4	4	1	2	2
8	4	3	1	1	1	2	2	2	2	5	4	5	4	5	4	4	4	3	2	3	3	4	4	3	4	4	2	3	3	2	2	2	1	1	0	0	1	1	2	2	2	3	29	73	107	148	153	135	103	92	80	94	93	80	48	30	11	7	9	9	8	5	4	2	2	5	5	4	7	7	4	4	4	1	1	3	3	3	3	3	2	2	2	1	1	0	0	3	15	95	244	385	570	730	965	2114	3611	4903	6214	6360	5726	4413	3164	1573	827	506	250	151	116	70	48	22	11	11	8	6	5	2	1	3	3	3	3	3	1	1	2	5	5	5	5	6	5	5	4	3	4	2	2	2	1	1	1	1	1	1	1	2	2	2	1	2	1	2	4	4	4	4	3	1	1	1	1	1	2	2	2	2	2	1	2	2	3	6	5	4	4	3	1	1	1	2	3	3	3	3	2	1	3	3	3	4	4	2	3	3	4	5	5
3	3	2	3	3	2	2	2	1	2	2	1	1	1	1	1	1	1	1	1	2	4	5	4	5	4	2	1	1	1	2	3	4	4	5	4	3	3	2	2	3	4	4	5	4	3	2	2	2	4	4	3	4	6	5	5	6	6	6	5	6	4	2	4	4	3	4	4	3	3	2	1	1	0	0	1	1	2	3	3	2	3	2	1	1	1	3	6	8	11	14	18	24	39	63	112	308	517	701	865	877	738	519	309	94	11	5	4	4	5	5	4	4	3	3	3	3	3	3	2	2	2	1	1	1	2	2	3	5	6	7	6	7	14	27	44	67	84	85	82	65	44	19	6	4	1	1	1	6	7	7	6	6	1	1	2	2	2	2	1	0	0	1	1	2	2	4	4	5	5	5	2	2	1	0	1	2	4	5	5	4	3	1	0	1	1	1	1	3	2	2	2	2	1	1	1	1	0	0	0
1	1	2	3	3	4	3	2	2	2	2	3	4	3	2	2	2	1	2	3	3	3	4	3	2	2	1	1	2	3	6	7	9	9	9	6	4	2	3	4	8	8	7	7	7	2	4	8	8	14	16	15	18	19	21	21	18	13	8	4	3	3	3	5	6	10	11	11	9	7	7	8	9	18	18	15	14	13	4	3	2	2	3	5	5	6	8	7	8	10	9	12	19	33	69	110	334	1023	1548	2123	2298	2224	1611	1074	460	131	43	19	17	87	143	209	280	273	205	149	81	6	2	1	2	4	3	4	4	2	1	1	1	1	2	5	10	24	32	41	42	36	23	15	3	2	2	1	1	1	1	1	4	8	16	20	21	19	16	9	6	4	4	3	3	2	2	2	2	4	4	5	5	4	2	1	1	1	2	2	1	2	5	6	7	9	9	5	6	5	4	6	5	6	6	5	4	4	3	2	2	1	1	1
96	96	89	70	52	29	14	6	4	1	1	1	1	2	2	1	1	1	0	1	2	2	2	2	1	0	0	0	5	8	9	10	10	5	3	3	4	4	4	5	5	9	9	9	8	5	2	3	4	5	5	4	2	1	0	0	0	1	2	3	5	8	23	40	57	70	70	59	41	22	10	12	15	17	17	16	11	8	4	4	5	5	5	2	3	3	3	4	4	3	4	4	5	15	69	634	2289	3694	5323	6094	5909	4494	3096	1425	271	41	14	15	18	17	15	12	9	5	5	2	1	1	0	1	1	1	2	1	1	1	1	0	0	0	1	3	4	5	5	4	2	2	1	1	2	2	2	2	2	2	1	1	1	1	1	1	2	2	1	2	4	3	3	3	3	2	2	3	4	4	5	6	4	3	3	2	2	1	1	1	1	1	1	1	1	2	1	4	6	6	6	6	3	2	2	2	2	3	2	1	1	1	0	0
4	2	1	1	0	0	1	1	2	3	3	3	4	4	4	4	4	4	3	3	2	0	1	1	1	4	5	4	4	4	2	1	3	4	5	5	5	4	3	3	3	2	3	3	1	4	6	6	7	7	5	3	4	4	4	7	10	15	18	19	16	15	8	6	5	4	4	4	3	2	3	4	5	6	7	6	5	9	16	19	30	30	28	20	16	6	6	6	7	6	5	3	11	20	40	96	187	254	352	361	338	262	203	91	50	25	10	5	3	4	2	1	1	1	1	5	10	11	14	15	12	9	9	6	5	5	4	3	2	3	4	5	6	5	4	3	2	1	1	0	0	0	0	1	2	3	5	6	15	31	52	85	101	108	111	100	67	44	21	5	3	2	2	2	2	1	1	0	3	5	7	8	8	7	6	4	5	4	2	3	2	2	2	3	2	3	2	2	2	3	4	6	6	5	4	2	3	5	8	10
