1	1	3	3	4	4	3	1	1	0	1	1	2	3	4	4	4	6	8	14	17	17	17	15	9	7	4	5	6	6	6	4	3	2	1	0	0	0	0	0	0	0	2	2	2	3	3	2	2	2	1	0	0	0	0	0	0	0	0	0	0	0	0	0	0	1	1	1	1	1	1	1	5	5	5	5	5	3	3	3	3	1	1	1	4	8	10	14	14	11	10	24	161	438	750	980	1028	952	685	400	164	65	52	38	29	19	11	11	13	14	14	9	6	2	2	3	4	4	4	2	1	0	0	0	0	0	0	0	0	0	0	0	0	0	0	0	0	0	0	0	0	0	0	0	0	0	1	1	1	1	1	0	0	0	0	0	0	0	0	0	0	1	1	1	1	1	0	0	0	0	0	0	0	0	0	0	0	0	0	0	0	0	0	0	0	0	0	0	0	0	0	0	0	0	0	0	0	0	0	0
0	0	0	0	0	0	1	2	3	3	3	3	2	2	2	2	1	0	1	1	1	1	1	0	0	0	0	0	0	0	1	1	1	1	1	0	0	0	0	1	1	3	3	3	2	2	2	3	3	3	1	2	1	2	2	2	1	1	2	2	2	2	1	0	1	1	2	2	2	2	2	2	2	2	1	1	0	0	0	2	2	2	3	3	1	1	1	0	0	0	0	0	1	2	10	38	90	174	226	246	244	209	132	73	30	11	2	0	1	1	1	1	2	1	2	3	3	2	2	2	3	4	4	3	3	3	2	2	2	1	0	0	0	0	0	0	0	0	0	0	0	0	0	1	1	1	1	2	1	1	1	1	0	0	1	1	1	1	1	1	1	1	2	2	1	1	2	1	1	1	1	1	1	1	1	0	0	1	1	1	1	1	0	0	0	0	1	1	1	1	1	0	1	2	3	4	5	4	3	3
2	1	1	1	2	2	4	5	4	4	5	4	3	3	2	0	1	1	1	1	1	0	2	2	2	3	3	2	2	2	1	0	0	1	1	1	1	1	0	0	0	0	0	0	1	1	1	1	1	0	0	0	0	1	1	1	1	1	0	0	0	0	0	1	1	2	3	3	2	2	1	0	0	0	1	1	3	4	4	4	4	2	1	1	0	0	0	0	0	1	1	2	3	8	12	27	51	101	140	148	148	130	75	38	14	4	1	0	0	0	1	1	1	1	1	0	0	0	2	2	2	2	2	1	1	1	1	0	0	0	0	0	0	0	1	1	1	1	1	0	0	0	0	0	1	1	1	1	1	0	0	1	1	1	1	1	0	0	0	0	0	0	0	1	1	1	2	2	1	1	1	0	0	0	0	0	0	0	0	3	3	3	4	4	1	1	1	0	0	0	0	0	0	0	0	0	0	0	0	0
0	1	1	1	2	2	1	1	1	1	1	1	1	2	1	2	3	3	2	4	4	4	4	5	3	1	1	1	3	4	4	4	4	1	0	0	0	0	0	0	0	0	0	0	1	1	1	2	1	2	2	2	1	1	0	0	0	0	0	0	0	1	1	1	2	2	1	2	2	1	2	2	1	2	3	2	4	4	3	2	2	0	0	0	0	0	0	0	1	3	4	13	21	29	42	83	325	660	1033	1212	1209	1024	710	342	126	55	20	3	0	2	6	15	21	29	35	82	151	239	319	323	293	223	128	38	9	4	2	1	0	0	0	0	0	0	0	0	0	0	1	1	1	1	1	0	0	0	0	0	0	0	0	0	0	0	0	0	0	0	1	1	1	1	1	0	1	1	1	1	1	0	0	0	1	2	2	2	3	2	1	1	1	0	0	0	0	0	0	0	0	2	2	2	4	5	3	3	3	1	1	2
3	3	2	1	1	1	1	2	1	2	2	3	3	4	3	2	1	1	0	0	0	0	0	0	1	1	1	1	1	0	1	1	1	1	1	0	0	1	1	1	1	1	0	1	1	2	2	3	4	4	3	3	1	0	1	3	5	5	5	6	4	4	4	3	3	3	1	1	0	2	3	4	4	5	3	3	3	3	3	5	8	14	22	31	47	54	50	41	30	10	1	0	0	1	45	561	1644	2929	3883	4153	3947	2944	1664	682	109	16	3	2	2	3	3	3	2	2	1	1	1	1	2	1	1	3	4	4	4	4	2	1	1	1	1	1	0	0	0	0	0	0	1	1	1	1	1	1	1	1	1	0	0	0	0	0	0	0	0	0	2	2	2	2	2	0	0	1	1	5	8	9	10	10	7	4	2	1	0	0	0	0	1	2	2	2	2	2	1	1	2	2	2	2	2	1	0	0	0	0	0	0	0	0
5	2	1	1	0	0	1	1	1	1	1	0	0	1	1	2	3	3	2	2	1	1	1	1	3	3	5	19	40	65	81	92	84	61	36	18	1	0	0	0	0	0	1	2	2	3	3	2	1	2	2	2	3	3	1	1	1	0	0	0	0	0	0	0	1	1	1	1	1	0	0	0	0	0	1	2	2	2	2	2	2	3	3	2	2	2	1	1	1	0	1	1	2	4	5	15	54	146	244	308	312	298	208	111	37	7	2	2	1	1	1	1	1	1	1	0	0	0	0	1	1	2	2	2	1	2	1	2	2	2	1	2	2	2	2	2	0	1	1	1	1	1	0	3	4	7	12	13	17	20	17	12	11	4	1	1	0	0	1	3	3	5	6	5	5	5	2	2	0	1	2	2	3	3	2	2	2	1	1	1	3	8	14	24	27	27	24	20	12	33	117	242	383	461	454	389	264	123	47	62
8	40	100	199	280	312	307	255	154	70	19	2	2	1	1	1	1	1	1	1	0	0	0	0	0	1	1	2	2	2	2	2	2	2	2	1	1	2	2	2	2	1	1	1	1	1	1	0	1	4	5	10	13	13	20	19	14	11	9	1	1	1	0	1	3	3	3	6	5	5	5	5	2	0	0	2	2	3	3	3	2	2	1	1	1	2	5	12	19	27	27	25	20	16	13	77	186	327	443	461	426	316	182	63	54	71	73	71	53	30	9	2	2	1	1	1	0	1	1	1	2	2	2	3	3	2	2	2	1	2	2	1	1	1	1	2	2	2	2	1	0	1	1	2	3	3	2	2	1	0	0	0	0	0	0	0	0	1	1	1	1	1	0	0	0	1	1	1	1	1	0	0	0	0	0	0	1	2	2	2	2	1	1	1	2	2	1	1	1	2	2	2	2	3	1	1	2	2	1	4
2	2	1	2	2	3	3	3	3	4	8	12	11	11	11	6	2	2	0	1	1	2	2	2	1	2	2	3	5	6	5	5	4	2	1	1	0	2	2	2	2	2	0	1	1	2	2	3	2	2	1	1	0	1	1	2	4	4	3	3	2	0	0	1	1	3	3	3	2	2	0	0	0	0	0	0	0	1	2	2	2	2	1	0	0	1	1	1	1	2	4	8	8	8	8	20	43	78	101	110	96	71	38	14	3	2	1	1	0	0	1	2	3	3	3	2	2	1	1	1	1	1	2	2	2	2	2	1	2	2	1	1	1	2	2	3	3	3	2	2	3	3	3	3	2	1	1	1	0	0	1	2	2	3	3	2	2	2	2	2	1	2	2	2	3	3	2	2	2	3	3	2	2	2	0	0	0	2	2	2	2	1	0	0	0	0	0	1	1	1	1	1	1	1	1	1	0	0	0	0
5	12	15	15	16	12	5	2	1	0	0	0	0	0	0	0	0	0	1	2	2	3	3	2	1	1	1	3	4	5	6	5	4	4	3	2	3	2	2	3	3	2	2	2	1	0	0	1	1	1	2	3	2	2	2	2	3	4	4	4	3	1	0	0	1	2	3	3	3	3	2	2	2	2	1	0	1	1	1	1	1	0	0	0	0	0	1	1	1	1	1	1	2	5	9	70	216	427	670	766	746	614	402	155	20	5	4	3	2	2	1	1	1	2	3	4	4	5	5	5	3	3	4	4	11	13	13	13	13	5	3	2	2	2	2	2	2	3	3	3	2	1	0	2	2	4	4	4	2	2	1	2	2	2	3	2	1	1	1	1	1	1	1	0	0	1	1	1	1	1	1	2	2	2	1	1	2	2	2	2	1	0	0	1	1	1	2	3	3	3	4	3	2	1	1	1	1	1	1	1
4	2	2	2	1	1	1	1	1	0	0	0	0	1	1	1	1	1	1	1	1	2	2	2	3	3	2	2	1	0	0	0	1	1	1	1	2	1	1	2	3	4	4	6	5	3	2	2	1	2	2	2	3	2	1	1	0	1	3	4	5	5	4	3	3	2	2	1	1	0	0	0	0	0	0	0	0	1	1	1	1	1	0	0	0	0	0	0	0	1	1	1	2	2	1	5	29	65	98	129	134	111	82	49	15	8	2	2	1	2	1	1	2	2	1	1	1	2	3	4	8	48	87	127	157	162	120	82	41	8	1	1	1	0	0	1	2	2	2	2	3	3	3	3	2	1	0	0	0	1	1	1	1	1	0	3	3	4	4	4	1	1	0	0	1	1	1	1	1	0	0	1	1	1	1	1	1	1	1	1	0	0	0	0	0	0	1	1	1	1	2	1	1	3	3	2	3	3	2	2
1	2	2	2	2	2	2	2	1	3	4	3	4	4	2	1	2	1	1	1	0	0	0	0	0	0	0	0	1	1	2	2	2	1	1	2	2	3	3	2	1	1	0	1	2	2	2	2	1	0	0	1	1	1	1	1	0	0	0	0	1	1	1	1	1	0	0	0	0	0	0	3	4	6	8	9	12	12	13	13	15	41	100	145	158	157	133	72	27	10	11	11	9	12	20	33	55	89	129	172	192	187	149	101	44	10	4	2	2	3	3	3	2	2	0	0	0	0	0	0	1	2	2	3	3	2	1	1	1	1	1	1	1	0	0	0	0	0	0	0	0	0	1	1	2	2	2	1	1	0	0	0	0	1	1	1	1	1	1	1	1	1	0	0	0	0	0	0	0	0	0	0	0	0	0	0	0	0	0	2	4	4	4	4	2	0	0	0	0	0	0	0	0	0	1	1	1	1	1	1
0	0	1	2	2	2	2	2	2	2	2	3	2	2	3	3	2	3	3	3	3	4	2	2	2	2	1	0	1	1	2	2	2	1	1	1	1	3	4	4	3	3	2	2	2	2	2	2	2	2	2	2	0	1	3	5	6	7	7	5	2	2	0	0	1	1	1	1	1	0	1	1	1	1	1	0	0	0	1	2	2	2	2	3	4	4	5	6	4	8	8	8	8	8	14	80	122	166	196	196	133	97	55	26	22	16	12	6	2	2	3	2	2	2	1	0	2	2	3	5	5	5	5	4	2	1	2	3	4	4	4	2	1	1	1	1	1	1	1	2	2	2	4	6	5	5	5	2	1	2	2	4	4	4	3	3	0	0	0	1	1	1	1	2	1	1	2	4	4	5	5	4	1	1	0	0	0	0	0	0	0	0	0	0	0	0	0	0	1	2	2	3	3	2	1	1	2	2	2	2
0	0	0	0	0	2	3	8	10	10	8	7	1	0	0	0	0	0	0	1	1	2	2	2	1	1	0	0	1	2	2	2	2	1	0	0	0	0	0	0	0	0	2	3	3	4	5	3	4	4	3	2	1	0	0	2	2	3	3	3	2	2	3	3	3	3	2	1	2	1	3	3	3	2	2	0	0	0	1	1	2	2	2	1	1	0	0	1	1	2	2	2	13	26	54	85	136	180	199	212	212	153	97	52	11	7	7	5	3	2	3	3	3	4	3	2	2	2	2	2	2	2	2	2	2	2	2	2	3	2	3	4	4	4	4	2	1	1	0	0	0	0	0	0	0	0	0	2	2	2	2	2	0	0	2	3	3	3	3	1	1	2	2	2	4	4	4	7	7	4	3	3	3	3	4	4	2	6	6	9	9	9	5	4	1	1	0	0	1	1	2	3	3	3	3	2	2	2	1	1
0	1	2	2	2	2	1	0	1	1	1	1	1	2	2	2	2	2	0	0	0	0	1	1	1	2	2	3	3	4	4	3	2	2	1	1	1	1	1	0	0	0	0	1	1	1	2	2	1	1	1	1	1	1	1	1	0	0	0	0	0	0	0	0	0	0	0	1	2	2	4	4	3	3	3	1	1	3	3	3	3	3	2	1	2	2	2	1	1	0	0	1	1	1	3	6	45	93	173	207	219	202	159	82	43	11	6	4	3	3	3	1	2	2	3	2	2	1	2	2	2	2	2	1	4	5	5	4	4	1	0	1	1	3	3	3	2	2	1	1	4	4	3	3	3	1	1	1	1	0	0	2	2	2	2	2	0	2	2	2	2	1	0	0	0	0	1	1	1	1	1	1	1	1	1	0	0	0	1	1	1	2	2	2	2	2	2	1	2	2	1	1	1	0	0	0	0	0	0	0
1	1	1	0	1	1	1	1	1	0	0	0	1	1	1	1	1	0	2	2	2	2	2	0	0	0	0	1	2	2	2	2	1	1	1	1	1	1	2	2	2	2	1	0	0	0	0	0	0	0	0	1	1	1	1	2	2	2	3	3	1	1	1	1	1	1	2	2	1	1	1	0	0	0	0	0	0	0	0	0	0	0	0	0	0	1	1	1	1	2	2	4	5	10	14	20	32	36	47	51	55	53	46	32	21	8	3	1	3	3	2	2	2	2	2	3	3	2	1	3	7	17	25	34	44	44	42	38	28	13	7	4	1	1	0	0	0	0	0	0	0	0	1	1	1	1	1	0	1	1	1	3	3	2	2	2	0	0	0	0	0	1	1	1	3	3	2	2	2	0	0	1	2	3	3	3	2	1	0	0	1	1	1	1	1	0	1	1	1	1	1	0	0	0	0	1	1	1	2	3
1	1	1	1	1	2	2	2	2	1	0	0	1	1	1	1	1	0	0	0	2	3	3	3	3	3	4	4	5	5	3	1	1	2	3	4	4	4	2	1	0	1	2	3	3	3	3	2	1	2	2	2	3	3	2	2	1	1	2	2	2	3	3	2	2	1	0	0	0	0	0	1	1	1	2	2	1	1	1	0	0	0	0	0	0	1	2	2	2	2	2	5	5	6	14	117	321	526	734	767	732	559	360	151	46	16	6	2	2	0	0	1	1	1	1	2	2	2	3	3	3	2	2	1	0	0	2	2	2	2	3	1	1	1	1	0	0	0	1	1	2	2	2	1	1	0	0	1	1	1	1	1	0	0	1	2	2	2	2	1	1	1	1	1	0	0	2	2	2	2	2	1	1	1	1	1	0	0	0	1	1	2	2	2	1	1	0	0	0	0	0	0	0	1	2	2	2	3	2	2
9	8	6	7	6	4	4	4	3	3	3	4	6	11	21	34	48	48	46	44	35	20	17	7	4	4	2	7	10	13	15	15	12	6	4	3	2	4	5	4	5	4	3	5	9	12	11	11	11	7	5	5	6	7	7	8	8	5	2	2	1	1	3	3	4	6	6	5	5	4	2	2	2	2	2	2	2	5	7	10	13	12	10	8	7	6	7	6	5	4	3	4	14	53	218	596	992	1309	1349	1261	917	569	303	316	323	290	227	119	47	24	9	7	7	6	14	16	20	21	21	14	14	11	7	6	6	7	11	12	11	11	8	5	3	2	3	3	2	5	5	5	5	5	3	3	3	5	5	5	5	4	2	2	1	1	3	4	5	5	5	4	4	4	4	3	3	2	3	10	21	30	32	33	24	16	8	6	6	7	6	7	7	6	6	6	9	9	11	9	10	10	10	8	7	3	1	2	2	2	3	3
0	0	0	1	1	1	2	5	7	14	18	17	13	12	6	5	6	5	6	7	7	14	32	42	45	46	41	32	27	27	20	12	4	1	1	2	2	2	2	2	2	2	1	1	0	0	1	1	1	1	1	0	1	1	1	2	2	2	2	2	1	0	1	3	3	3	3	3	1	1	2	1	2	3	3	2	2	1	1	1	1	1	2	1	2	2	2	1	1	2	3	4	4	5	3	15	45	135	217	287	298	281	196	112	31	8	4	5	5	4	3	4	3	3	3	3	3	3	3	3	3	2	2	2	3	3	2	1	2	1	1	1	1	0	0	0	0	0	1	2	3	3	3	2	1	1	1	1	1	0	1	1	1	3	4	6	8	8	6	4	2	0	0	0	0	0	0	0	0	0	0	0	0	1	2	3	3	3	2	1	0	1	3	3	3	3	2	1	1	1	1	0	0	0	0	0	0	0	0	0
1	2	4	4	3	3	2	1	1	1	1	0	0	0	1	3	3	3	3	1	1	1	3	5	7	14	16	14	12	9	2	1	1	1	2	2	1	1	1	0	2	2	2	2	2	1	1	1	2	2	1	1	1	1	2	2	3	2	2	1	1	0	0	1	1	2	2	2	2	3	3	3	3	2	1	0	0	1	1	1	1	1	0	0	0	0	0	1	6	12	16	16	16	11	21	61	200	362	571	644	637	526	362	136	30	4	4	3	3	4	3	3	3	4	3	2	2	2	2	2	2	2	1	1	1	0	0	0	0	0	0	2	3	3	4	4	3	3	3	2	1	1	1	1	3	3	2	3	3	2	3	3	2	4	7	10	11	11	10	8	4	3	2	1	1	1	4	4	4	5	6	3	3	3	2	3	3	3	3	3	1	2	2	4	5	6	8	10	13	16	19	20	23	20	16	12	7	3	1	0
1	0	1	3	3	5	5	4	5	5	5	6	6	4	2	2	2	1	1	1	1	0	0	0	0	0	0	2	3	4	4	4	2	1	0	1	2	3	3	3	3	2	2	2	2	2	3	3	2	2	4	3	4	4	4	1	1	1	1	1	1	1	0	1	1	4	4	4	4	4	1	1	1	0	0	0	0	0	0	0	1	1	1	1	1	2	2	2	2	1	2	2	3	9	23	56	77	98	99	99	82	69	48	31	15	7	2	2	0	1	1	1	1	1	1	2	2	2	1	1	0	0	1	1	1	1	1	9	22	45	57	69	68	58	39	34	21	23	21	14	9	7	4	3	2	1	1	0	1	1	3	4	4	4	4	2	2	2	1	1	2	1	1	3	3	3	3	3	2	2	1	1	0	0	0	2	3	5	6	7	7	5	4	3	1	0	1	2	2	2	2	1	1	1	1	1	1	0	0	1
2	2	2	2	1	1	2	2	2	4	4	4	4	5	3	3	1	1	0	0	0	1	1	1	3	3	3	4	4	2	2	1	0	0	0	0	1	2	2	2	2	1	0	0	0	0	0	1	1	1	1	1	0	0	0	1	2	2	3	3	2	1	1	0	0	0	0	0	1	2	2	5	5	5	5	5	3	5	5	5	5	5	2	2	1	1	1	2	2	2	1	1	0	5	22	100	296	518	703	732	702	521	296	101	20	6	0	0	0	0	0	0	0	1	6	21	26	34	38	39	28	26	34	76	127	186	232	244	226	200	151	100	73	58	36	24	11	5	3	3	3	3	3	3	2	1	1	1	1	0	2	2	3	4	6	4	5	4	3	1	1	0	1	2	2	2	1	1	1	1	1	1	1	0	1	2	4	6	6	4	4	5	4	7	10	10	11	13	12	10	8	5	2	1	1	1	2	2	2	3
6	6	4	4	5	4	4	3	2	2	2	3	3	1	2	2	1	1	1	0	1	1	2	4	4	3	3	2	0	0	0	0	0	1	1	2	3	3	2	2	1	1	2	3	3	3	2	2	1	1	1	1	1	1	2	2	2	1	2	1	2	2	2	1	2	4	5	5	5	4	1	0	0	0	0	0	0	3	4	6	6	6	5	4	4	5	6	6	4	4	1	1	4	6	16	34	51	79	98	119	132	133	116	93	64	31	19	14	10	5	3	0	0	0	0	1	3	3	3	4	3	1	2	3	2	2	2	1	0	1	1	1	1	1	0	0	0	0	0	1	1	1	1	1	1	2	3	4	4	3	5	15	35	57	78	81	76	57	35	13	1	0	0	0	1	3	3	3	3	3	2	3	3	2	2	1	0	0	0	0	0	0	0	0	0	0	0	0	0	2	2	3	3	4	2	2	2	2	2	3
2	2	2	2	1	2	2	1	1	2	5	5	5	5	4	0	0	0	0	0	0	2	3	5	6	6	6	5	4	4	5	6	5	4	4	1	1	5	9	19	37	54	84	109	126	133	133	109	80	48	25	19	14	10	5	3	0	0	0	0	1	3	3	3	4	3	2	2	3	2	2	1	0	1	1	1	1	1	0	0	0	0	0	0	1	1	1	1	1	1	2	3	4	3	3	6	18	39	64	78	81	74	54	29	11	1	0	0	0	1	3	3	3	3	3	2	3	3	2	2	1	0	0	0	0	0	0	0	0	0	0	0	0	0	2	2	3	4	4	2	2	2	2	3	3	2	1	1	0	0	3	4	4	4	4	1	1	2	2	2	2	1	1	2	2	2	2	1	1	1	3	3	3	3	3	1	1	1	3	3	4	5	4	2	2	1	1	2	3	3	3	2	2	1	3	3	3	3	3	1
3	2	2	1	0	0	1	2	3	3	3	2	1	0	0	0	1	2	2	2	2	2	2	2	2	1	2	2	3	4	3	2	2	1	0	1	1	1	2	2	1	2	2	1	1	2	3	4	5	5	4	2	1	0	0	2	3	3	5	5	4	5	5	4	4	3	4	4	3	3	3	1	2	2	2	1	1	0	0	0	0	0	0	0	0	0	0	0	0	0	1	3	7	13	24	46	85	166	234	254	261	235	156	77	35	8	2	1	0	0	0	0	1	1	1	1	1	1	1	1	1	1	2	3	7	7	7	6	5	1	1	1	1	1	0	2	3	3	3	3	2	2	2	2	1	1	1	1	1	1	1	1	1	4	4	3	3	3	0	0	0	0	0	1	3	3	3	3	2	0	0	0	1	1	2	2	2	1	1	0	2	2	4	4	4	3	3	1	1	1	0	1	2	2	2	2	1	2	3	4
0	0	1	1	1	1	1	0	0	0	0	0	1	3	3	3	3	3	1	1	1	1	2	3	3	3	2	1	1	1	1	2	1	1	1	1	0	0	0	0	0	0	1	1	6	13	21	29	39	52	60	63	62	52	36	20	10	5	2	1	1	3	6	6	6	5	3	1	1	3	3	3	2	2	1	1	1	2	2	2	2	2	1	1	2	2	2	3	3	2	3	3	2	4	7	12	35	57	86	101	101	81	58	27	6	2	1	0	0	2	2	2	2	2	0	0	0	0	0	2	4	4	4	4	2	0	0	0	1	1	2	3	3	2	2	1	2	2	3	3	3	2	2	1	0	0	1	1	3	3	3	2	3	1	1	1	1	0	0	1	1	1	2	2	1	1	1	0	0	0	0	0	0	1	1	1	1	1	0	0	1	1	2	2	2	1	1	1	3	3	4	5	5	3	3	3	2	1	1	2
1	2	3	5	5	4	3	2	0	0	0	2	3	3	3	3	3	2	2	4	3	3	4	4	2	1	1	0	1	1	1	1	1	0	0	0	1	1	1	2	3	3	4	4	4	3	2	2	2	1	1	1	1	2	2	2	2	2	2	2	2	2	2	2	2	2	1	0	0	0	0	0	0	0	0	1	1	1	1	1	0	0	0	0	0	0	0	1	3	4	4	4	4	5	4	10	47	98	159	190	189	162	111	53	17	6	2	0	1	1	1	1	1	0	0	0	1	1	2	2	2	1	1	0	0	0	1	1	1	1	1	1	1	2	2	1	2	2	3	4	4	3	3	1	0	0	0	0	0	0	0	0	0	1	1	1	2	2	2	2	2	4	4	3	3	2	1	1	1	1	1	0	0	0	0	0	0	0	0	0	0	0	0	0	0	0	1	1	1	2	2	1	1	1	0	0	0	0	0	0
1	1	0	1	1	1	1	1	0	1	2	3	3	3	2	1	0	0	0	0	0	0	0	1	1	1	2	2	1	1	1	0	0	0	0	0	0	1	2	4	4	4	3	2	1	1	1	1	1	0	0	1	1	1	2	2	1	1	1	0	0	0	1	1	2	2	2	1	2	2	2	3	3	2	2	2	1	1	1	0	0	0	0	0	2	2	2	2	13	42	74	140	158	157	137	108	68	148	227	298	298	264	183	97	18	5	3	3	3	3	3	3	3	5	5	5	4	4	1	0	0	0	0	0	0	0	2	2	3	3	3	1	1	0	2	2	2	2	2	0	1	1	2	3	3	3	3	2	1	1	1	1	1	1	0	0	1	2	2	3	3	2	1	2	1	1	1	1	0	0	0	0	0	0	0	1	1	1	1	1	0	0	1	2	2	3	3	2	1	1	1	1	1	1	1	0	0	0	0	0
2	2	0	0	1	1	3	4	4	3	3	1	0	0	0	1	1	1	1	1	0	0	1	1	1	2	3	2	2	2	1	0	1	1	1	2	4	4	6	6	5	4	4	2	2	1	1	2	2	2	2	1	2	2	2	3	3	3	3	3	1	1	0	0	1	1	1	1	1	0	2	4	5	5	5	4	2	4	7	7	7	6	4	1	1	4	4	4	5	4	1	1	1	6	13	65	154	223	269	273	231	142	73	35	23	23	17	7	3	4	4	1	1	1	0	0	1	1	1	1	1	0	0	0	0	0	0	0	0	0	0	0	1	1	1	2	2	2	3	3	2	2	2	1	1	1	1	1	1	2	2	2	2	2	1	1	0	1	1	3	3	3	2	2	0	0	0	1	1	1	1	1	1	1	2	2	2	2	3	2	2	2	1	1	1	1	1	1	1	1	1	1	3	2	2	2	3	3	3	3
3	3	2	1	0	0	0	1	1	2	3	3	2	2	1	0	1	2	2	2	2	2	1	2	3	4	4	5	4	2	1	1	2	2	3	3	2	2	2	2	2	1	1	1	2	2	2	2	2	3	3	3	2	1	1	1	1	2	3	3	3	3	2	1	1	1	1	1	2	4	4	4	4	3	0	0	0	0	0	1	3	5	5	5	4	3	3	5	5	4	8	9	15	40	64	107	208	259	371	435	437	349	279	155	53	28	17	5	2	2	2	2	1	0	0	2	2	2	2	2	0	1	3	4	4	4	3	2	2	3	3	3	2	1	0	2	3	3	3	3	1	1	1	1	1	2	1	1	2	2	3	3	3	2	2	0	1	1	1	1	2	1	1	1	1	0	0	0	0	0	0	0	0	0	0	0	2	2	2	2	2	0	0	0	0	1	1	2	2	2	1	1	0	2	2	2	2	1	0	0
0	0	0	0	0	0	0	0	1	1	1	1	1	0	0	0	1	1	1	1	1	0	0	0	0	0	0	1	3	3	3	3	2	0	0	1	1	1	1	1	0	1	2	2	2	2	1	2	2	2	2	2	1	1	1	2	2	2	2	2	2	1	1	2	1	3	3	3	2	2	2	2	3	3	2	2	3	3	3	3	3	2	2	1	2	2	2	2	3	2	3	3	4	5	4	4	18	42	67	89	89	81	60	36	13	8	2	1	2	2	2	1	2	1	1	1	1	0	0	1	1	1	2	2	1	1	0	0	0	1	1	1	2	2	1	1	3	2	2	2	2	2	3	5	6	6	8	7	6	6	5	3	2	1	0	0	0	0	0	0	0	0	1	1	1	1	1	0	0	0	0	0	1	1	1	1	1	0	0	1	1	1	1	1	0	0	1	2	2	3	3	2	3	3	2	2	2	1	1	2
2	3	4	4	2	2	1	0	0	0	0	0	0	0	0	0	0	0	1	2	2	3	3	3	3	3	3	3	3	3	2	2	1	2	2	4	3	3	3	3	2	2	2	3	2	2	2	1	0	0	0	0	1	1	3	4	4	3	3	1	0	0	0	0	0	0	1	2	2	2	2	1	0	0	1	1	1	1	1	0	0	0	1	1	1	2	2	2	4	8	26	52	66	82	81	73	54	70	103	152	186	187	167	124	68	19	3	1	2	3	3	3	3	3	3	2	2	1	1	0	0	0	0	0	0	0	2	3	3	3	3	1	0	0	0	0	0	0	0	0	0	0	0	0	0	0	0	0	1	3	3	3	3	3	3	3	5	4	4	6	6	4	4	3	1	1	2	2	4	5	5	4	3	1	2	2	2	2	1	0	2	2	3	4	4	2	2	2	1	1	2	2	1	1	1	0	0	0	0	0
7	7	6	5	1	2	2	2	2	2	1	1	0	1	1	1	1	1	0	0	1	2	3	3	3	2	1	0	1	1	2	2	2	1	2	1	1	3	3	3	3	3	2	2	1	1	1	1	1	3	4	4	4	4	2	3	4	3	4	4	2	3	3	3	3	2	1	0	1	1	1	1	1	0	0	1	1	3	3	3	2	2	1	1	1	1	1	0	1	3	5	9	9	11	13	57	287	546	842	1049	1045	895	643	340	89	8	5	9	9	8	7	6	1	2	2	1	1	1	0	0	0	1	1	3	3	4	5	5	4	4	3	3	3	2	2	1	0	0	0	0	1	1	1	1	1	0	0	0	0	1	1	1	1	1	0	0	0	0	0	0	2	2	2	2	3	1	1	1	2	1	1	1	1	0	0	0	0	0	1	2	2	4	4	3	2	2	0	0	0	0	1	1	2	2	2	1	1	0	0	0
4	4	2	2	2	2	2	1	1	2	3	4	5	5	4	2	1	0	1	1	1	2	2	2	2	2	1	1	1	1	1	2	4	4	5	5	4	3	2	2	2	2	2	2	1	1	1	0	1	1	1	1	3	2	2	4	5	3	3	3	1	0	0	0	1	1	1	1	1	1	2	3	3	3	2	1	1	1	1	3	3	3	3	3	0	2	3	3	3	4	5	6	6	6	5	5	14	54	143	217	252	250	207	118	45	3	1	3	5	5	4	4	4	2	2	2	0	0	0	0	0	0	0	3	3	3	3	3	0	1	2	3	3	3	2	1	0	0	0	0	0	0	0	0	0	0	0	0	0	0	0	0	0	0	0	0	0	1	1	2	3	3	2	2	2	1	1	1	0	0	0	0	0	0	0	0	1	1	1	1	1	0	0	0	0	0	0	1	1	2	2	2	1	3	2	3	4	4	7	11
1	0	0	0	0	0	0	0	0	0	0	0	0	0	0	0	0	0	0	0	0	0	0	0	0	0	0	0	0	0	0	1	1	2	3	3	2	2	1	0	0	2	2	4	4	5	5	5	3	3	0	5	5	5	5	3	0	0	0	0	0	0	0	0	0	0	0	0	1	1	1	2	2	1	3	7	17	21	23	22	17	7	2	0	0	0	0	0	1	3	7	10	11	11	11	32	94	184	268	294	294	243	174	97	52	39	19	7	4	3	3	1	1	0	0	0	1	2	2	2	2	1	2	2	3	4	4	2	2	1	0	1	2	3	3	3	2	3	2	3	3	3	3	3	3	3	2	1	1	2	2	4	5	5	6	5	5	4	3	1	0	0	1	1	1	2	2	2	2	2	1	1	0	1	1	1	1	1	0	0	0	1	1	2	2	2	1	1	1	2	2	2	2	1	0	0	0	0	0	0
2	3	3	3	3	3	2	3	5	5	5	5	3	1	1	1	1	2	2	2	2	1	1	2	2	2	2	2	1	1	1	1	2	2	2	2	1	1	1	1	3	3	2	2	2	2	2	2	2	2	0	0	0	1	1	1	2	2	2	2	2	2	2	1	1	1	1	1	32	32	32	55	56	27	28	28	3	2	3	2	2	1	1	0	0	1	2	2	3	3	2	1	1	0	1	9	33	59	90	93	90	66	41	9	2	2	1	0	0	1	1	1	1	1	0	0	0	0	0	0	0	0	0	0	1	2	2	2	2	1	0	0	1	1	2	3	3	2	2	1	0	1	1	1	1	2	2	2	3	3	1	2	2	2	2	3	2	2	1	2	2	2	2	2	0	0	0	1	1	2	2	2	2	2	1	1	0	0	0	1	2	3	4	4	3	2	2	2	4	4	4	4	4	2	2	3	3	3	3	3
2	1	2	3	2	3	4	3	3	3	2	1	0	0	0	0	0	0	0	1	1	1	1	1	2	3	3	3	3	1	0	0	0	0	0	0	0	2	2	2	2	2	4	4	7	7	6	5	5	3	3	2	1	1	1	2	3	3	3	3	3	2	3	2	2	2	2	1	1	0	0	0	0	0	0	0	1	1	1	1	1	0	0	0	0	0	0	0	0	0	0	15	23	37	53	64	98	189	274	321	354	348	265	170	101	26	6	2	2	2	2	0	1	1	1	1	1	0	2	2	2	2	4	2	3	3	4	2	2	1	1	1	2	2	2	2	2	3	3	4	6	6	5	5	4	1	1	2	2	1	2	2	3	3	6	5	5	3	1	0	0	1	1	1	1	1	0	0	1	1	1	1	1	0	0	0	1	1	1	1	1	2	2	2	2	3	1	1	1	1	1	1	1	1	1	1	1	3	3	2
1	0	0	0	1	1	1	1	1	1	2	2	2	2	1	0	0	0	0	0	0	0	0	0	0	0	0	2	4	5	5	5	4	5	5	5	4	2	2	4	4	4	4	2	0	2	4	4	4	4	3	1	1	2	3	2	2	2	1	1	1	1	1	1	2	3	3	3	3	1	0	1	1	1	1	1	1	1	1	2	2	1	1	2	1	1	1	1	0	0	0	0	0	1	1	5	18	62	110	144	171	170	128	79	43	5	5	6	5	5	3	3	2	2	2	1	2	1	1	2	2	2	3	3	2	4	4	4	5	4	2	3	2	1	1	1	0	0	0	0	2	2	2	2	2	0	0	0	0	0	0	2	2	3	3	3	1	1	0	0	0	0	1	3	4	4	5	4	2	2	4	3	3	3	3	3	3	3	3	3	2	3	3	2	1	1	1	1	1	1	2	2	2	2	2	2	1	1	2	2
2	3	3	4	3	3	1	1	0	0	0	0	0	0	1	1	2	3	3	3	3	3	2	2	2	2	3	5	5	6	6	5	2	2	1	0	0	0	1	1	2	2	2	1	2	2	2	3	3	1	2	2	1	2	2	1	1	1	0	0	0	0	1	1	1	2	2	1	1	1	1	1	1	1	1	2	2	2	2	3	1	3	3	3	2	2	0	3	5	9	13	14	17	18	84	197	416	686	844	866	860	740	509	292	157	57	9	3	3	5	6	10	11	10	8	6	2	2	2	1	1	1	0	1	1	1	1	1	0	0	0	0	0	0	0	0	0	0	0	1	1	5	5	5	4	4	0	1	1	1	1	1	0	2	3	4	4	6	5	4	3	3	1	4	5	5	5	4	2	1	1	1	1	0	2	2	2	2	2	0	0	0	0	1	1	1	1	1	1	1	3	3	3	2	2	0	0	0	1	1
3	2	1	0	0	1	1	1	2	3	3	3	3	3	1	1	2	2	1	1	1	1	2	3	6	5	5	4	3	0	0	0	1	2	2	2	4	7	8	10	11	9	5	3	1	0	1	1	1	1	1	0	0	1	2	4	4	4	4	3	2	2	2	1	0	3	5	10	15	16	14	12	13	10	10	11	11	8	8	6	2	1	1	1	1	1	1	1	1	1	2	2	2	3	9	36	95	175	227	270	270	240	184	130	63	37	10	6	4	3	8	8	8	6	6	2	2	2	2	3	4	7	8	9	11	12	11	11	10	9	13	12	11	9	6	3	2	2	1	2	2	4	4	13	30	53	97	113	118	109	88	49	29	26	27	28	30	29	18	11	7	3	3	4	4	3	3	3	2	2	4	3	5	5	5	3	3	1	0	0	1	3	4	4	5	5	5	6	6	6	7	9	8	7	6	3	1	1	1	2
8	8	11	12	11	11	10	9	12	13	11	9	6	4	2	2	1	2	2	3	4	9	28	53	90	113	118	109	88	58	33	24	27	28	30	30	20	14	7	3	3	4	4	3	2	3	1	2	4	4	5	5	5	3	3	1	0	0	1	3	4	4	5	5	5	6	6	6	6	9	8	7	6	4	1	1	1	2	2	1	1	2	1	1	1	1	1	1	1	1	1	1	1	1	7	52	116	180	218	222	192	144	86	46	26	15	9	10	11	6	4	4	0	1	1	1	2	2	1	1	1	0	2	5	5	5	5	3	2	2	2	2	2	23	156	499	737	941	959	849	506	271	45	4	3	3	2	1	1	1	3	3	3	2	2	0	0	0	0	0	0	0	0	0	0	0	0	0	0	0	0	1	2	3	3	3	3	3	4	4	5	4	2	1	1	2	2	3	3	3	1	1	0	0	1	2	2	2	2	1
3	3	4	4	3	3	3	1	2	3	4	3	5	5	4	3	3	0	0	1	1	4	4	5	5	5	4	6	6	6	9	9	8	6	6	1	1	1	1	2	2	1	1	2	1	1	1	1	1	1	1	1	1	1	1	1	28	87	151	202	222	211	165	115	67	30	18	10	7	11	10	4	4	4	0	1	1	1	2	2	1	1	1	0	4	5	5	5	5	2	2	2	2	2	7	57	341	633	864	959	943	658	375	134	12	3	3	2	2	1	1	1	3	3	2	2	2	0	0	0	0	0	0	0	0	0	0	0	0	0	0	0	0	1	3	3	3	3	3	4	4	5	4	4	1	1	1	2	3	3	3	2	1	0	0	0	2	2	2	2	2	0	2	2	4	4	4	2	2	0	0	0	0	0	0	0	1	1	4	4	5	5	4	2	2	1	1	2	2	2	1	1	0	0	0	1	1	2	2	2
0	2	2	3	3	3	1	1	0	0	1	2	3	3	3	2	1	0	0	0	0	0	1	2	2	3	3	2	1	1	1	1	1	2	2	2	2	2	1	1	0	0	0	0	0	0	0	0	0	0	1	2	2	2	2	1	0	0	2	2	2	4	4	5	9	9	7	5	5	2	4	4	3	2	2	2	2	2	2	1	0	0	0	1	1	1	2	2	2	3	4	3	4	10	23	90	383	706	1110	1246	1231	961	639	231	41	11	2	1	0	0	0	2	2	2	2	2	1	1	3	8	22	32	41	41	39	24	14	3	0	1	1	1	1	1	0	0	0	1	2	2	2	2	2	1	1	1	0	0	0	0	0	0	0	0	0	0	0	0	1	1	1	3	3	2	2	2	1	1	1	2	4	4	4	4	2	4	5	7	7	5	5	5	3	3	2	2	4	5	8	8	7	5	4	2	2	2	3	2	2	1
2	2	1	1	1	1	1	1	0	0	0	0	0	0	0	0	1	2	2	2	2	3	2	2	2	1	0	0	1	1	2	2	2	2	2	1	1	1	4	4	4	4	4	1	1	1	0	0	2	2	2	2	2	0	1	2	3	3	3	2	1	1	1	1	1	0	0	0	0	0	0	1	3	3	3	3	2	0	1	1	2	2	2	2	2	2	2	2	1	2	3	5	5	5	5	16	47	90	119	130	123	94	52	21	5	2	2	2	1	3	5	8	8	8	6	6	3	2	2	2	0	1	2	2	2	2	2	1	1	1	1	0	0	0	0	0	0	0	0	0	0	0	0	0	0	0	1	1	1	1	1	0	0	0	0	0	0	0	0	0	1	3	3	3	3	2	3	3	3	4	3	1	1	1	0	0	0	0	2	5	5	5	5	3	2	2	2	2	1	0	1	1	2	3	6	6	7	7	6	3
0	2	2	3	4	4	2	2	1	0	0	0	0	0	0	1	1	2	3	3	4	4	3	2	2	0	0	0	0	0	0	0	0	0	1	2	2	2	2	1	1	1	1	3	3	2	2	2	1	1	1	1	0	0	0	0	1	1	3	3	3	2	2	0	0	0	0	0	0	0	1	1	1	1	1	1	3	3	3	4	3	2	2	2	3	2	2	2	1	0	0	1	3	4	4	16	93	191	284	331	327	254	157	66	16	12	10	6	3	2	2	2	3	4	6	6	4	3	3	3	3	4	3	1	1	1	0	1	1	1	1	1	1	1	1	2	1	2	2	2	1	1	0	0	0	1	1	2	2	2	2	3	2	2	2	2	1	1	1	1	0	0	0	2	2	2	2	3	1	3	3	3	2	2	0	0	0	0	0	0	0	0	0	0	0	2	2	2	2	2	0	0	1	1	1	1	2	3	3	3
1	1	1	0	0	0	0	0	0	0	1	1	1	1	1	1	1	1	1	1	1	1	2	2	2	2	2	2	1	1	1	0	0	0	2	2	2	2	2	0	2	2	3	3	3	1	1	1	2	2	3	5	5	4	4	3	1	2	3	3	3	2	1	0	0	0	0	1	2	2	2	2	3	2	2	3	2	1	1	1	0	0	0	1	1	2	2	3	3	4	5	5	4	8	18	47	108	159	195	201	188	133	77	33	13	7	3	2	1	1	1	1	1	1	0	1	1	1	1	1	1	1	2	2	1	2	2	3	4	4	4	3	3	3	2	2	1	0	1	2	3	3	3	3	2	3	3	3	2	2	0	0	1	1	1	1	1	0	0	0	0	0	1	1	1	1	1	1	1	2	2	2	1	1	0	0	0	0	0	0	0	0	0	0	1	1	1	1	1	0	2	3	4	4	4	2	1	0	0	0
1	0	0	0	0	0	0	0	0	0	1	1	1	1	1	1	1	1	1	1	0	0	2	2	2	2	2	2	2	2	3	2	1	1	1	0	1	1	1	1	1	1	1	1	1	2	2	4	4	4	2	2	1	1	2	5	5	4	4	3	0	1	2	2	2	2	1	0	0	0	0	0	1	1	1	1	1	0	0	2	2	3	3	3	2	3	3	3	3	3	3	3	4	20	35	52	65	65	73	83	100	102	99	70	45	20	12	10	9	6	4	2	2	2	2	3	3	3	3	3	3	3	4	3	3	2	1	1	2	2	2	2	2	2	4	4	4	5	4	2	2	2	1	1	1	1	0	0	1	1	1	1	1	0	1	1	1	2	2	1	2	4	5	7	7	6	5	3	1	1	2	1	1	1	0	0	0	1	2	2	3	3	2	4	4	4	4	3	2	1	1	1	1	0	0	1	1	1	1	1
1	3	3	2	2	2	0	0	0	0	2	2	2	2	2	1	1	1	2	1	1	1	1	0	0	0	1	3	3	4	4	4	2	2	3	2	2	2	2	2	4	4	4	4	3	1	1	1	0	0	0	1	1	1	1	2	1	2	3	3	3	3	2	2	2	1	1	2	2	3	3	3	1	1	2	2	2	2	1	0	0	0	0	0	0	1	5	6	7	7	6	2	6	17	42	77	106	115	113	98	73	41	26	14	10	10	13	16	13	13	9	5	4	3	3	3	3	1	0	0	0	0	0	0	0	1	1	1	1	1	0	0	0	1	2	2	2	2	1	0	0	0	0	0	1	1	1	1	1	0	0	1	1	1	1	2	2	4	4	4	4	4	2	2	1	1	1	1	1	1	1	0	0	0	2	4	4	4	4	2	0	0	0	0	1	1	1	1	1	0	0	0	0	0	0	0	0	0	0	0
2	2	2	2	2	1	1	0	1	1	1	2	2	1	1	1	1	1	1	1	1	0	0	1	1	1	1	2	5	6	6	6	4	3	5	6	8	8	6	3	2	0	0	0	0	0	1	1	2	2	3	2	2	1	1	0	0	1	4	10	12	12	12	10	4	2	2	0	0	0	0	0	0	0	1	2	2	4	4	4	3	3	3	3	2	2	2	1	1	1	1	1	3	7	19	59	259	553	833	1013	1012	884	600	299	91	10	3	1	1	0	0	0	0	0	0	0	0	3	3	4	4	4	2	2	1	1	1	0	1	1	1	2	2	2	3	4	3	5	4	3	2	2	0	0	1	1	1	2	1	1	2	3	3	3	3	2	0	1	1	1	1	1	0	0	0	0	0	0	1	1	1	2	2	2	3	3	2	3	2	4	7	16	20	23	20	18	7	5	3	3	3	3	2	1	1	1	1	0	0	0
2	2	2	1	1	0	0	0	0	1	1	1	1	1	1	4	5	5	4	5	2	2	2	2	1	1	2	2	2	2	2	0	1	2	2	3	5	6	7	7	6	4	4	3	3	2	1	1	1	1	2	2	3	3	3	2	2	1	1	1	2	2	2	3	3	2	1	1	0	2	3	3	3	3	1	1	1	1	2	1	2	3	3	3	3	3	5	5	7	8	6	10	13	23	64	201	493	903	1199	1251	1226	986	565	235	61	13	9	7	4	3	1	1	1	1	1	1	3	5	6	5	6	6	4	5	5	3	3	3	2	2	2	3	4	4	4	3	1	0	0	1	1	1	2	2	1	3	3	2	2	2	2	3	3	3	2	1	0	1	1	1	3	3	3	3	3	4	4	3	3	7	22	44	51	55	50	36	15	8	3	2	1	1	1	0	0	0	0	0	0	0	0	0	0	1	1	1	1	1	3	3
0	0	1	1	1	1	1	3	4	4	4	4	3	3	3	3	3	3	2	2	2	2	1	1	1	1	1	2	2	2	2	2	1	1	0	0	0	0	0	0	0	0	0	0	0	1	1	1	2	2	1	1	1	0	0	1	1	1	1	1	0	0	2	2	3	3	3	3	3	2	2	2	4	4	5	5	4	3	3	2	2	2	3	3	3	4	6	5	5	5	3	1	5	5	5	7	18	55	105	139	141	130	94	46	10	5	5	4	5	5	3	3	1	0	0	3	3	4	4	4	2	3	3	3	3	2	1	0	0	0	0	0	0	0	1	1	2	2	2	1	1	1	1	1	1	0	0	0	0	0	0	1	1	1	2	2	1	1	1	0	0	0	0	1	2	2	2	2	2	1	2	2	2	2	2	1	1	0	0	0	0	1	1	3	3	3	3	3	3	3	2	3	3	2	4	5	5	4	4	3
3	3	2	0	2	2	2	3	4	5	6	7	7	5	3	2	0	5	10	10	10	10	5	1	1	1	1	1	2	2	2	4	4	5	5	5	3	3	2	2	2	2	1	1	0	1	1	2	2	2	2	4	3	4	4	5	5	6	5	5	5	5	8	12	15	18	18	16	13	11	7	6	6	6	8	8	7	5	4	6	7	7	7	10	10	17	22	23	22	20	13	10	8	8	11	146	559	1100	1634	1820	1726	1313	768	228	9	4	3	2	2	2	4	7	11	11	13	10	7	2	2	0	1	1	1	6	6	7	11	12	9	9	7	5	9	15	18	19	18	18	13	10	8	6	7	7	5	3	3	1	2	2	2	1	1	0	0	0	1	2	2	2	2	1	1	2	3	4	6	6	5	5	5	6	6	5	6	3	7	7	6	6	4	0	0	0	1	1	1	1	1	2	2	3	3	3	3	4	3	3	2	3
1	2	1	2	2	2	2	2	3	3	2	2	2	1	2	2	2	2	2	1	1	1	1	0	0	1	1	1	1	1	0	1	3	5	6	6	4	3	1	1	1	1	1	1	1	1	1	1	1	0	0	1	2	4	5	5	6	6	4	6	9	10	13	13	11	6	3	4	3	3	6	6	8	10	11	15	15	14	12	8	6	8	11	13	15	15	9	7	6	4	4	4	2	4	7	38	136	253	374	406	404	313	191	71	18	13	13	13	8	7	5	5	4	1	1	1	2	2	2	5	5	6	10	9	9	11	10	6	5	3	1	2	2	3	4	3	3	3	3	5	5	6	10	9	7	6	3	2	2	3	3	2	1	1	2	2	2	2	1	1	1	2	4	6	6	6	5	2	0	0	1	2	2	2	2	1	2	4	5	5	5	4	2	1	1	1	1	3	4	4	4	4	2	0	0	0	0	1	1	3
3	4	4	5	5	4	3	2	0	0	0	1	4	4	7	7	7	4	4	1	0	1	2	3	5	5	6	5	4	2	1	1	2	3	4	4	3	3	2	2	4	3	4	4	4	4	5	7	7	5	5	4	5	9	10	10	8	6	3	6	7	7	6	6	4	5	5	5	4	4	3	10	10	11	12	12	7	7	4	3	2	2	3	4	5	6	9	10	10	8	6	4	65	192	384	553	610	594	537	936	1460	2012	2199	2097	1558	933	349	41	14	11	11	11	8	7	6	6	5	5	4	4	4	3	3	5	3	4	4	4	2	2	2	1	1	1	1	1	3	4	6	8	9	7	5	3	1	1	2	3	5	5	5	5	4	2	2	1	0	0	1	2	2	3	3	3	4	5	5	5	5	5	6	6	6	6	5	5	6	6	4	4	3	3	3	4	4	2	3	2	2	3	5	4	4	5	3	5	5	4	4	3
4	4	4	2	2	2	1	1	1	1	1	3	4	6	8	9	7	5	3	1	1	2	3	5	5	5	5	4	2	2	0	0	0	1	2	2	3	3	3	4	5	5	5	5	5	6	6	6	6	5	6	6	6	4	4	3	3	3	4	4	2	3	2	2	5	5	4	4	5	3	5	5	4	4	3	2	2	2	1	1	2	2	3	3	2	2	2	1	1	0	2	2	2	7	26	92	297	540	740	833	832	649	414	199	38	19	5	3	4	4	7	6	9	8	7	6	4	4	4	4	4	3	5	6	6	6	7	5	6	7	7	8	8	6	4	4	2	2	2	2	2	2	2	3	5	6	6	5	4	4	6	6	7	6	3	2	3	3	3	3	3	2	1	0	0	0	0	0	0	0	0	0	0	1	2	3	5	5	6	8	7	5	4	2	7	18	45	70	90	97	90	65	40	17	3	3	2	4	5	7
3	2	1	3	3	4	5	4	2	3	2	2	3	3	3	3	3	3	4	5	5	5	6	6	6	7	7	5	3	3	4	4	5	5	4	4	3	4	4	4	7	6	6	7	6	4	4	3	0	0	0	0	0	0	3	4	4	5	5	2	2	2	3	4	5	4	3	2	2	2	3	5	5	4	5	5	5	6	6	4	3	1	0	0	0	0	0	1	1	1	11	19	32	41	42	53	125	406	711	1058	1135	1131	861	547	178	28	5	2	5	6	6	5	4	2	1	1	0	1	1	1	1	1	0	2	2	3	4	4	2	2	1	0	1	3	3	3	3	2	1	2	3	3	4	4	4	4	3	3	3	3	2	2	2	2	1	1	1	1	1	2	2	2	3	3	3	5	4	3	3	3	2	6	6	7	7	8	4	4	3	2	1	0	1	1	2	2	2	3	4	3	3	3	1	0	0	0	1	1	1	1
9	7	7	6	6	4	3	3	3	3	5	3	2	3	3	2	2	3	2	3	6	6	7	9	8	6	6	5	4	5	7	8	8	7	7	5	4	2	2	2	2	3	4	2	3	4	3	6	6	5	5	3	4	5	4	4	4	1	1	2	3	4	4	5	4	4	5	5	4	4	2	2	1	2	2	1	2	2	2	2	3	6	7	7	10	10	8	9	8	6	6	7	15	78	175	277	352	362	319	245	332	499	649	680	618	456	257	83	12	6	6	6	5	8	8	7	8	8	6	6	6	6	6	5	7	6	5	8	8	8	10	8	4	4	5	5	5	6	5	1	4	5	5	6	6	5	5	4	3	1	0	0	1	1	1	1	2	2	2	2	2	1	4	5	5	9	8	5	4	4	0	0	3	4	5	5	5	2	3	3	3	3	4	5	5	5	5	4	5	5	5	4	4	6	6	7	7	6	5	6
1	0	4	6	8	9	10	8	6	5	4	3	2	2	2	1	1	2	2	3	3	3	1	1	1	1	1	3	3	5	8	8	6	7	5	3	4	3	2	2	2	2	3	3	3	3	3	3	2	1	2	1	2	3	5	5	7	6	6	7	9	18	33	44	49	46	40	22	9	2	1	1	2	3	4	4	4	4	4	4	5	8	8	8	10	10	8	7	7	3	3	2	2	5	18	83	280	455	624	667	648	480	333	175	119	95	62	42	14	9	5	6	7	7	8	8	8	11	18	22	28	28	28	24	40	81	123	147	145	127	89	66	69	99	108	99	90	80	56	40	30	19	8	7	4	5	7	7	8	8	8	10	10	14	16	17	18	18	11	10	10	7	8	5	4	3	1	1	2	4	5	6	5	4	2	2	3	4	4	3	4	5	6	8	9	9	8	7	4	4	4	5	5	6	7	7	7	7	6	5
7	5	5	4	9	30	58	115	163	194	197	188	139	88	36	13	6	6	9	9	8	8	8	8	9	9	6	3	1	1	2	2	3	3	2	2	2	1	3	3	3	3	4	3	3	6	6	7	9	9	6	5	5	7	9	9	9	8	10	10	12	11	9	7	7	6	5	6	9	9	9	9	9	9	8	10	10	7	8	8	6	5	4	4	4	8	11	19	24	30	30	30	25	21	14	16	34	164	359	496	623	624	525	326	192	42	10	7	3	5	5	4	5	5	5	4	4	3	3	3	4	5	6	6	4	4	3	4	8	8	7	7	5	1	1	0	0	0	1	4	4	5	5	4	1	1	0	0	0	0	1	2	3	4	4	5	4	3	2	1	2	3	5	5	5	5	4	6	6	4	5	5	7	7	7	5	3	0	0	0	0	0	0	1	1	1	1	2	2	2	2	2	1	1	1	1	1	3	3	3
4	5	7	9	10	9	9	12	11	8	7	5	0	1	2	2	2	3	2	1	1	1	0	0	1	1	1	1	2	1	1	1	3	3	6	8	9	7	6	4	3	4	5	4	5	5	6	6	6	5	3	3	6	6	9	10	8	6	5	4	8	7	7	7	5	6	9	11	12	11	11	9	6	6	4	2	2	1	0	2	3	4	5	5	5	7	7	8	8	6	5	6	9	12	17	31	64	145	212	264	275	263	190	117	49	18	8	8	8	8	9	7	6	5	3	2	5	6	5	5	6	3	4	4	4	3	2	1	1	2	2	5	6	6	6	5	5	8	18	31	47	54	55	48	35	19	9	4	5	4	6	7	7	6	7	4	6	8	8	6	5	4	5	5	5	4	3	4	5	5	5	5	4	5	5	3	2	3	5	7	9	9	9	7	7	6	6	6	5	6	4	3	3	2	1	4	5	5	7	8
11	10	9	6	4	5	6	8	8	8	8	7	6	7	7	7	7	6	6	6	4	3	3	5	5	4	5	4	2	3	3	5	5	5	5	5	3	3	3	3	4	3	3	2	2	3	5	7	8	8	7	5	3	1	2	4	6	6	6	5	5	4	5	4	5	5	7	7	7	7	6	3	2	0	0	1	1	2	4	4	4	4	3	7	9	12	15	13	28	167	432	703	921	944	847	596	335	102	50	87	114	133	134	152	234	299	393	415	376	272	181	74	21	13	7	7	8	7	8	7	5	4	3	2	2	0	0	0	0	1	2	2	4	5	5	5	6	5	6	5	5	4	6	7	7	8	7	4	4	5	4	5	6	6	6	6	5	4	3	3	4	9	9	11	11	11	7	6	6	6	6	5	4	3	2	3	3	3	5	8	8	10	9	8	5	5	5	8	8	9	9	9	7	8	7	4	4	3	3	4
7	7	2	2	2	1	1	2	2	6	9	9	13	13	10	9	8	4	3	2	3	6	7	9	9	8	7	5	4	4	4	3	2	2	2	2	4	4	7	8	7	6	7	4	6	6	6	6	6	7	7	8	8	7	9	8	6	4	4	3	4	4	4	3	2	3	3	6	7	7	6	6	11	15	20	25	25	20	15	11	5	6	10	10	9	8	8	6	6	5	2	4	12	37	62	96	152	232	323	390	396	380	282	170	65	11	3	4	7	7	8	15	16	23	24	24	18	15	9	9	7	9	8	6	6	3	4	3	4	5	3	4	4	3	3	3	3	5	4	5	4	4	3	3	1	4	5	5	6	7	7	9	9	8	4	3	3	3	3	3	1	2	2	2	3	2	1	2	3	2	4	4	4	5	5	4	4	4	2	3	3	2	4	4	5	7	9	9	9	7	6	5	4	4	3	4	4	4	3	3
5	5	6	5	2	2	2	5	9	10	9	9	7	4	3	4	4	6	6	6	5	3	0	0	0	0	1	1	1	2	2	2	4	4	3	4	4	4	5	5	3	3	4	5	8	8	8	8	7	4	4	4	4	6	6	5	6	7	7	8	6	5	5	3	3	4	4	7	8	9	8	8	8	10	10	11	10	10	8	8	5	4	2	2	1	1	1	0	0	4	8	10	12	12	8	11	32	73	102	120	118	99	63	36	13	6	5	4	6	6	6	7	7	6	7	4	5	5	5	4	3	1	0	1	1	2	2	2	2	3	5	5	5	5	4	1	1	1	1	2	3	5	5	5	5	5	7	7	10	11	10	5	5	5	6	7	9	11	10	13	12	8	5	4	2	4	4	6	6	5	5	7	4	5	4	3	2	3	4	5	7	7	7	6	7	6	6	8	7	6	6	5	3	2	6	7	9	9	8	5
2	2	4	4	5	5	6	5	4	5	4	4	4	3	2	4	4	3	3	3	1	3	4	4	6	5	3	3	3	2	5	5	5	4	5	4	4	4	4	2	3	3	4	4	3	2	2	3	4	3	3	2	3	4	5	6	8	5	4	8	8	10	10	10	5	5	4	3	4	5	4	7	8	9	12	11	8	8	7	8	8	6	5	4	1	3	5	5	6	7	6	9	11	21	33	48	76	141	251	336	394	391	339	219	118	31	10	6	5	5	3	2	1	2	3	3	3	3	2	3	6	6	8	9	9	6	8	5	2	3	3	2	3	4	3	3	3	3	3	6	7	7	5	5	3	2	6	6	6	4	4	0	1	2	3	5	6	5	4	6	6	10	10	11	13	11	7	7	5	5	6	7	7	7	8	9	9	9	6	5	5	5	4	4	3	4	4	4	3	3	1	4	3	3	3	3	2	2	3	5
4	5	7	7	8	6	5	4	2	1	1	0	0	1	4	7	8	10	10	8	6	7	6	7	7	6	5	4	4	4	3	4	2	1	3	5	5	5	5	4	2	2	2	2	2	4	5	5	6	6	4	6	6	5	6	6	4	6	8	8	11	11	8	8	6	5	6	6	6	6	7	6	6	7	7	6	6	6	6	8	8	6	4	5	4	5	8	9	8	8	8	9	9	9	10	30	102	231	312	359	356	299	182	105	44	24	33	42	52	53	47	31	18	7	4	6	9	12	21	25	23	25	22	14	11	10	5	6	10	11	11	7	7	5	9	16	19	46	96	127	169	172	152	106	68	25	13	7	6	3	3	3	3	3	3	2	1	2	3	2	2	3	3	5	5	5	6	6	12	12	12	9	8	4	5	5	7	7	7	6	7	6	5	5	4	3	2	4	4	10	10	9	8	8	2	2	0	0	0	0
32	40	43	40	26	19	11	4	5	6	8	13	13	11	10	9	8	9	12	12	10	6	5	2	4	4	4	4	3	1	1	1	1	1	2	2	4	4	4	2	4	3	3	3	3	1	0	1	2	3	4	4	4	4	6	7	8	9	7	5	3	2	3	4	7	7	6	7	6	4	5	5	2	2	2	2	2	3	4	5	6	8	7	6	4	4	3	4	3	3	2	8	11	13	21	29	52	93	135	166	170	157	112	63	16	4	3	3	3	2	1	1	2	3	3	2	2	1	0	1	2	7	8	9	9	8	5	6	6	6	6	4	5	5	6	7	7	9	9	8	8	10	7	6	7	4	2	2	3	2	2	3	3	3	3	2	3	3	2	3	3	2	3	3	3	3	3	5	5	7	7	6	4	3	3	3	4	5	6	4	5	4	4	4	3	3	4	7	8	11	12	12	8	7	5	5	5	5	5	4
8	7	7	9	11	14	14	15	16	15	13	12	9	8	12	11	14	13	11	5	4	2	6	10	12	13	13	10	7	8	8	9	9	6	9	8	10	12	10	7	4	2	6	7	13	15	16	18	18	18	18	16	12	12	15	21	28	28	23	17	13	8	8	7	7	11	13	16	18	17	13	13	12	11	12	11	14	15	17	16	15	15	15	12	12	9	8	9	8	9	9	16	30	70	165	329	551	655	667	654	550	398	328	280	223	141	72	24	10	6	4	3	2	1	3	6	8	11	13	14	13	12	10	8	7	8	10	13	14	12	11	12	9	13	18	18	14	14	12	12	13	14	12	12	9	9	12	16	18	19	22	21	16	13	11	6	7	8	12	15	19	22	22	24	25	27	39	104	308	539	774	912	901	738	511	261	77	47	95	127	138	142	120	71	34	14	10	10	14	13	13	14	13	13	13	12	12	14	18	20
3	3	4	6	7	9	13	15	15	16	13	10	6	5	5	3	2	3	5	9	19	28	28	34	39	33	25	25	17	12	12	9	5	5	0	0	1	2	3	3	3	2	1	0	1	1	7	7	9	15	21	16	19	17	12	6	5	3	2	3	3	1	1	1	1	1	1	1	1	0	2	2	2	2	2	1	3	3	3	3	2	1	1	1	2	4	4	4	4	3	2	3	3	3	6	8	227	278	287	357	377	165	115	105	28	6	5	2	1	1	0	0	0	0	1	2	2	3	3	2	2	2	1	1	0	1	1	1	1	2	1	1	1	1	1	1	1	2	2	2	2	2	1	2	3	4	4	4	3	2	1	2	1	1	1	1	1	1	1	1	0	0	0	0	2	2	2	2	2	1	1	1	1	1	1	1	1	1	1	2	2	2	1	1	1	1	1	1	1	1	1	1	1	1	1	1	1	0	0	0
6	8	7	7	5	5	5	4	4	4	3	2	2	2	2	2	3	5	7	7	6	5	4	1	2	3	2	3	3	3	3	3	2	2	4	4	4	4	3	0	0	1	2	2	4	5	7	6	7	6	4	3	3	4	4	5	5	5	4	4	4	3	3	2	7	17	21	32	32	26	21	17	9	8	4	3	3	1	1	2	3	3	4	4	4	4	4	3	7	7	6	7	6	5	21	47	113	180	229	258	259	227	166	107	53	19	10	7	6	5	3	2	2	4	4	3	4	4	1	2	2	2	4	6	5	6	5	6	4	4	4	3	5	6	8	9	9	6	5	2	0	0	0	5	5	9	10	10	7	7	4	3	2	2	3	3	5	5	4	3	2	2	3	7	10	11	10	10	7	5	5	4	6	10	12	18	20	17	16	11	6	4	0	1	1	3	4	4	4	4	4	3	3	2	1	3	5	8	9	8
9	9	8	5	4	2	4	4	4	4	5	4	4	4	4	0	0	1	2	2	2	2	1	0	0	1	1	1	1	1	0	2	2	3	3	3	1	2	2	3	3	5	5	5	4	4	2	1	1	2	2	1	3	3	2	2	2	0	0	0	0	2	2	2	3	3	1	3	3	2	2	2	0	2	3	4	5	5	4	4	3	2	2	1	1	1	1	1	1	0	1	1	2	8	40	71	127	181	217	247	250	233	194	134	77	35	17	12	12	7	4	3	2	2	2	2	3	3	4	4	3	2	2	1	1	1	0	0	0	0	0	0	1	1	1	1	1	2	2	2	2	0	0	0	1	1	1	1	1	1	2	2	2	1	1	0	0	1	1	2	2	3	3	3	4	4	3	4	4	4	6	6	5	5	4	2	2	3	2	2	3	3	1	1	1	0	0	1	2	4	4	4	4	3	1	1	1	1	2	2
2	2	1	1	0	1	1	2	3	3	3	3	2	2	2	2	2	3	2	3	2	2	1	2	4	8	9	9	8	6	4	5	6	5	3	3	1	0	0	0	0	0	0	0	0	0	0	0	0	2	2	3	12	16	30	34	34	25	18	7	2	2	3	3	4	4	5	5	3	2	2	0	1	1	2	2	2	1	1	1	2	3	3	4	4	3	2	2	2	2	2	3	11	79	212	397	545	574	536	405	234	135	179	210	207	165	106	55	16	9	5	6	4	5	7	6	9	8	8	7	8	5	4	3	3	2	0	2	5	6	7	8	7	4	4	3	1	2	3	2	2	2	1	1	1	2	4	4	10	22	81	140	178	194	191	135	73	32	6	1	1	0	1	1	2	2	2	3	3	3	3	3	3	2	2	3	3	2	2	2	1	1	1	1	1	1	2	2	2	4	4	2	3	3	2	2	2	4	4	4
2	2	2	2	3	3	4	3	3	3	3	3	4	4	4	4	4	4	3	2	2	2	1	2	2	1	1	1	0	1	2	2	3	3	2	1	0	2	2	2	2	2	0	1	1	1	2	3	3	4	4	2	2	1	0	0	0	1	1	2	2	3	4	4	4	4	4	3	3	4	4	4	3	3	2	1	2	2	2	1	1	0	0	0	0	0	1	2	2	3	3	3	2	3	7	15	56	177	276	373	398	386	265	164	62	8	7	7	8	8	6	5	2	2	2	1	2	2	2	2	3	5	5	5	5	3	1	0	0	0	1	1	1	2	2	1	3	3	2	2	2	0	0	0	0	0	1	2	2	4	4	3	2	4	2	2	3	4	4	4	4	3	1	1	1	1	0	0	0	1	1	2	3	3	4	4	4	3	3	2	2	2	3	2	2	1	1	1	2	2	4	4	3	2	2	3	3	4	6	6
0	0	0	1	1	1	1	1	0	0	0	0	1	1	2	2	2	2	4	7	7	8	7	4	1	2	1	1	1	1	0	1	1	1	1	1	0	0	0	1	1	2	5	7	7	7	6	3	2	2	2	2	1	1	1	2	4	4	4	6	5	4	4	3	1	2	2	2	2	1	0	0	0	0	0	1	1	1	1	1	0	0	0	1	2	2	2	2	1	5	11	14	24	85	175	337	441	454	413	339	223	215	253	259	228	150	95	40	12	3	1	0	1	1	2	2	2	2	4	3	5	5	4	3	3	2	2	2	1	1	0	0	0	0	0	0	0	1	1	2	2	2	2	2	2	2	2	3	2	4	4	5	4	4	2	2	0	0	0	0	1	1	1	2	2	1	1	3	4	4	4	4	2	2	2	3	3	1	1	1	0	0	0	0	0	0	0	0	0	1	1	2	2	2	1	1	1	2	2	2
0	0	0	3	4	4	5	5	2	1	1	0	0	1	2	2	3	2	3	2	2	1	1	0	0	0	0	0	1	1	2	3	3	2	2	1	1	1	1	2	2	1	1	1	1	2	2	4	6	6	7	7	5	6	5	4	4	2	1	1	2	3	3	3	4	5	3	3	3	2	2	2	2	3	3	3	3	3	1	1	1	1	1	0	0	1	1	1	1	1	0	0	1	3	8	14	16	40	78	115	138	144	132	94	52	27	7	1	0	1	2	2	2	2	1	0	0	1	1	1	1	1	0	0	0	0	0	1	1	1	1	1	2	2	2	2	1	1	2	2	2	1	2	2	3	3	3	2	1	2	2	2	3	3	1	1	2	1	2	3	3	3	3	2	1	1	1	1	1	1	0	0	1	3	3	3	4	3	1	2	2	1	1	1	0	1	2	3	3	3	3	2	1	1	0	1	4	4	4	4
3	2	2	2	1	1	1	1	1	1	1	1	0	0	1	1	1	1	1	1	1	1	1	1	1	1	1	0	0	0	1	1	1	1	1	0	0	1	2	2	2	2	1	1	3	3	3	4	3	1	1	1	0	0	0	0	0	0	0	0	0	0	1	2	3	4	4	7	8	8	8	8	4	4	4	3	3	2	3	3	4	5	4	3	4	5	4	4	3	1	1	7	13	18	25	39	48	111	228	339	414	423	382	262	132	42	6	6	7	7	7	5	3	2	2	3	5	5	4	3	3	2	4	4	4	4	2	0	1	1	1	1	1	0	0	0	0	0	2	3	5	5	5	5	6	6	8	8	6	7	8	7	7	7	5	3	2	1	1	1	1	1	1	1	1	1	1	1	1	1	1	2	1	1	1	1	1	1	3	3	3	4	4	4	4	4	3	4	4	3	3	6	4	4	5	5	3	2	2	1
2	3	4	4	3	2	1	3	3	4	5	5	4	4	3	4	4	4	4	3	2	1	0	0	0	1	3	5	8	10	11	10	9	7	5	3	1	3	5	5	5	6	2	1	1	1	3	3	4	4	4	2	4	6	6	6	6	4	1	1	1	1	2	3	5	4	4	4	3	1	1	1	2	3	3	4	3	2	3	3	2	2	3	3	4	4	4	3	2	1	1	2	7	17	38	120	291	491	600	614	577	414	212	90	34	25	19	11	9	10	10	11	11	10	9	8	6	4	2	1	1	0	0	1	1	3	4	4	3	3	1	1	1	1	1	1	0	0	1	2	3	3	6	5	4	3	3	0	0	1	1	1	1	1	1	1	1	2	1	2	2	2	1	2	1	2	2	2	1	1	1	1	1	1	1	2	3	3	2	2	1	0	1	3	3	3	3	2	0	1	3	3	5	5	6	4	4	4	3	3
2	1	2	2	2	3	3	2	2	1	0	1	2	4	4	4	4	3	2	2	2	1	2	2	3	3	3	1	1	1	2	3	4	4	4	3	3	2	2	2	2	1	1	1	2	2	2	1	3	4	4	4	4	2	1	1	1	2	2	5	5	5	5	4	1	2	2	1	3	3	4	4	4	2	2	1	2	4	6	8	8	9	8	6	4	3	1	1	1	1	1	0	0	9	30	79	165	302	404	425	415	340	196	76	16	3	1	1	1	1	1	2	3	3	3	4	4	4	5	6	4	5	5	3	2	3	3	4	8	9	14	18	19	17	16	9	7	5	4	6	5	4	4	4	2	1	1	1	2	5	6	7	7	5	3	2	1	1	1	1	3	3	3	2	3	2	2	2	1	0	0	1	1	2	4	5	7	8	9	12	15	20	18	15	11	6	2	2	2	3	3	1	2	1	1	1	1	1	1	2
1	1	1	3	3	3	2	3	2	2	2	2	0	0	1	1	2	4	5	5	7	8	12	14	20	19	17	12	8	1	2	2	3	3	2	1	2	1	1	1	1	1	1	3	3	3	4	4	4	3	3	3	2	1	1	0	2	2	2	2	2	0	0	0	0	0	0	0	0	0	0	1	1	2	2	2	2	2	2	4	5	5	5	4	1	0	0	1	1	2	5	6	7	10	14	93	448	929	1314	1480	1465	1134	654	266	33	10	10	6	6	4	4	4	4	3	3	2	0	0	0	0	0	0	0	1	1	1	1	1	0	1	3	3	9	9	8	9	8	4	5	4	6	6	10	18	28	38	45	44	40	27	17	8	3	4	5	5	6	4	3	4	3	2	2	2	1	1	3	3	3	2	2	0	0	0	0	0	2	3	3	3	3	2	1	1	3	3	2	2	3	1	1	1	2	2	3	4	3	3	2	1
0	1	2	3	4	4	4	4	4	3	2	1	2	2	3	3	3	1	1	2	4	5	5	5	3	1	0	0	0	0	1	1	1	2	2	1	1	2	1	1	1	1	1	2	3	3	3	2	1	1	3	3	4	4	3	1	2	1	1	2	2	1	1	1	2	6	15	18	21	20	16	8	6	9	9	8	7	6	2	2	3	3	1	1	2	2	2	2	2	2	1	1	2	2	8	38	65	115	160	168	156	139	90	40	15	7	6	5	4	1	5	5	7	11	11	11	13	10	7	4	2	3	4	4	5	6	3	3	3	3	2	2	1	1	0	0	1	1	2	2	2	1	3	2	2	3	4	2	2	3	2	3	3	4	4	3	4	4	2	2	3	3	6	6	8	10	11	8	8	4	1	0	0	0	1	3	4	4	4	5	3	2	2	1	0	0	0	0	0	0	0	0	1	2	2	3	2	2	2	2
1	1	1	1	0	0	0	0	0	0	0	0	1	1	1	1	4	3	4	4	4	2	2	1	1	1	3	4	4	5	6	4	3	3	3	3	3	3	4	2	3	3	3	3	4	5	6	6	7	5	5	6	5	3	3	3	1	1	1	0	0	0	0	1	1	1	1	1	1	1	2	3	3	4	4	8	13	15	16	16	13	8	8	7	6	4	3	5	9	12	14	17	34	64	118	151	223	313	409	519	530	478	380	230	90	34	10	4	3	2	1	1	2	3	9	11	12	14	16	24	29	31	31	24	13	7	2	2	3	4	3	3	3	3	4	4	3	3	5	4	5	4	5	3	3	2	2	1	1	3	8	11	14	21	22	22	20	18	11	7	2	2	1	0	0	2	2	2	2	2	2	2	3	3	3	4	5	4	4	3	2	1	1	1	2	3	3	3	3	2	2	2	2	2	2	1	2	4	5	6
3	2	2	3	4	7	7	6	5	3	3	5	10	13	13	12	10	6	3	2	2	4	9	10	10	10	9	5	5	7	5	5	5	7	4	4	3	2	1	3	3	4	5	5	5	6	5	4	4	2	2	2	2	4	4	4	5	5	3	3	3	2	2	4	6	7	6	6	3	2	1	1	1	1	1	1	2	2	1	1	3	5	5	5	5	4	4	7	7	9	8	7	5	8	17	57	210	381	578	666	661	534	365	160	38	14	9	7	5	3	2	2	3	4	4	3	3	3	4	5	6	5	5	4	3	3	4	6	6	5	5	3	2	2	3	3	3	7	9	9	9	8	8	7	7	7	4	0	1	2	3	4	6	7	6	6	4	5	6	6	6	6	6	8	9	12	11	9	7	5	2	3	2	2	2	1	1	1	3	5	6	6	6	4	1	1	1	1	1	1	0	1	2	3	4	4	3	3	3	6
2	1	3	3	4	4	4	2	2	1	1	0	3	3	4	4	4	1	2	2	3	3	3	3	2	1	1	1	0	0	1	1	1	2	2	1	1	1	0	0	0	0	1	1	2	4	4	3	3	2	2	2	4	5	4	4	5	7	12	12	12	10	9	4	4	4	3	1	1	1	1	1	4	4	3	4	4	1	1	1	0	0	0	0	0	0	2	4	6	6	6	5	3	2	5	47	136	213	264	280	270	190	118	64	19	7	3	1	1	1	0	1	1	1	3	3	4	4	4	2	2	1	2	3	3	2	2	2	1	1	2	2	1	1	1	0	0	0	1	2	2	2	2	1	0	0	0	0	0	1	1	1	1	1	0	2	3	3	3	3	2	1	1	1	1	1	1	1	2	2	3	3	3	2	1	0	1	1	1	1	2	1	2	3	3	3	3	2	1	1	0	1	3	8	12	15	17	16	12	8
3	4	6	5	6	5	4	2	2	1	2	2	2	4	5	5	5	5	2	2	2	2	3	4	7	7	7	7	5	3	2	2	2	2	2	2	4	6	7	7	6	5	5	6	6	7	5	8	7	7	6	6	1	3	3	2	2	2	3	3	3	5	5	2	4	4	4	5	9	13	17	19	20	15	11	7	3	3	1	0	0	0	0	0	0	0	1	2	3	4	7	16	25	53	86	138	180	200	198	184	137	107	66	68	67	75	75	58	42	26	9	7	5	2	3	3	4	4	3	3	2	2	3	3	4	4	4	3	3	2	2	1	1	1	1	1	1	1	2	2	2	3	2	2	3	3	2	2	2	2	2	2	2	2	1	2	2	3	4	5	3	3	2	1	2	3	3	4	4	2	1	1	2	5	5	5	6	4	3	3	3	2	0	3	3	4	4	4	1	0	2	2	2	2	1	1	2	2	2	1
4	3	4	4	4	3	3	1	1	1	1	2	3	2	3	3	2	1	1	0	1	1	2	2	2	2	2	2	2	5	5	4	4	4	0	2	4	4	5	6	6	5	7	8	7	5	5	3	2	2	3	4	5	5	4	5	4	4	4	3	2	1	1	1	1	1	1	0	0	0	0	0	1	1	1	1	1	2	2	2	3	3	2	2	3	3	4	4	4	4	4	3	5	5	3	5	22	63	109	139	146	129	88	42	10	3	3	2	2	1	0	0	1	1	3	3	3	2	2	1	2	4	6	6	5	4	4	2	2	2	2	0	1	3	3	3	4	3	2	2	2	1	1	0	0	0	1	1	1	1	1	1	1	2	3	2	3	3	2	1	2	1	1	2	5	4	4	4	4	2	2	4	3	3	3	3	3	3	2	2	2	1	3	4	4	3	3	1	0	0	1	1	2	2	2	1	1	1	2	2
1	1	0	1	2	2	5	5	4	3	3	2	4	5	5	4	5	4	4	3	2	2	2	2	2	2	1	1	1	2	2	2	3	3	2	2	2	2	2	2	2	2	1	1	1	2	4	4	5	4	3	4	4	3	5	4	5	5	5	5	4	4	6	6	8	7	6	5	4	4	4	4	5	6	4	4	3	2	2	2	3	3	2	3	2	1	2	2	1	1	1	0	1	1	3	22	57	105	185	201	194	177	143	64	37	19	9	7	7	7	5	4	4	2	2	2	2	1	1	2	3	3	4	3	3	3	3	4	4	4	4	5	4	3	4	3	4	4	4	4	3	2	2	2	3	3	3	4	3	2	6	6	6	6	5	1	2	3	4	4	2	2	2	3	4	6	6	5	3	2	0	0	0	1	1	3	6	6	7	7	5	2	1	0	0	0	1	4	5	6	6	6	3	2	2	1	2	3	3	4
2	3	3	3	3	3	2	1	1	3	3	3	3	3	1	1	1	1	2	3	4	5	5	4	3	1	0	2	3	4	5	6	5	4	3	2	3	3	4	4	5	2	2	2	2	2	2	2	1	0	1	2	5	8	9	12	11	9	8	6	5	5	7	7	6	5	4	2	1	1	1	1	2	5	6	6	9	9	6	9	8	5	5	5	3	3	2	2	1	1	1	2	2	2	1	4	19	46	64	75	76	62	38	21	9	6	4	4	4	5	6	7	6	5	4	2	1	0	0	0	0	0	0	1	1	2	3	3	2	2	1	0	2	2	2	2	2	0	0	1	1	2	3	3	2	2	2	1	1	1	0	1	1	1	1	1	2	2	6	6	6	6	6	2	2	2	0	0	0	0	1	4	4	5	6	5	2	2	1	0	0	1	1	2	2	4	3	3	3	4	3	3	3	2	2	1	3	3	3	3
1	2	2	2	3	4	3	3	2	1	0	0	0	0	0	1	2	3	3	4	3	3	2	2	2	1	2	2	1	1	1	0	0	0	0	0	0	0	3	3	3	3	3	0	0	0	0	0	1	3	5	5	5	4	2	2	2	3	3	2	2	2	2	1	1	1	0	0	0	0	0	0	0	1	1	1	1	1	0	0	0	2	3	3	4	5	3	2	3	2	1	2	2	1	3	43	167	301	405	418	395	281	158	56	28	15	6	3	2	4	4	4	3	3	0	0	0	1	2	2	2	2	1	0	0	0	0	1	1	1	1	1	0	1	1	1	1	1	0	0	0	0	0	0	0	0	0	1	1	1	1	1	1	1	1	1	1	0	0	0	0	0	0	1	1	1	1	1	0	0	0	0	0	0	0	0	0	0	1	1	1	1	1	1	1	1	1	1	0	3	3	3	3	3	1	3	3	3	3	2
3	5	5	5	4	6	6	7	7	7	6	6	5	4	4	4	2	1	0	1	2	3	4	4	4	3	2	2	1	1	1	2	2	2	2	2	3	2	2	2	0	1	1	5	8	9	9	8	5	2	2	2	3	3	2	3	4	4	4	4	3	5	5	6	6	5	4	4	2	2	2	1	1	1	5	13	18	27	27	24	20	19	18	18	16	13	7	3	3	3	2	8	11	46	258	623	1221	1671	1899	1925	1778	1365	1041	669	437	236	89	22	11	8	5	5	4	4	6	7	5	6	5	4	6	4	4	3	3	1	1	2	2	1	1	1	1	2	4	5	4	5	4	2	2	2	2	2	2	2	2	2	2	2	1	0	0	0	9	12	17	17	19	11	11	6	6	6	5	3	5	5	5	5	5	3	3	1	2	2	1	1	1	2	3	3	5	5	3	5	5	3	3	3	4	6	6	7	6	3	2	2	2	4
5	5	4	2	1	1	2	6	5	5	5	4	1	2	2	2	3	2	2	3	3	3	3	2	1	3	2	3	4	5	6	6	6	5	2	1	0	0	1	1	1	2	2	2	2	3	3	4	5	7	6	6	7	6	4	4	4	1	0	0	1	2	3	3	3	2	1	0	0	0	1	1	1	1	2	3	3	4	6	5	5	5	4	4	3	4	4	4	5	5	6	6	7	6	6	11	29	63	84	98	94	81	51	31	15	13	10	7	6	4	4	4	5	5	4	6	6	6	5	4	4	6	7	8	9	10	9	8	7	4	3	4	4	3	3	1	1	1	2	2	2	2	2	1	1	0	1	1	1	1	1	4	6	6	6	5	4	3	4	5	5	3	3	3	4	4	4	3	3	2	5	6	6	10	10	8	7	7	3	2	3	2	2	3	5	6	8	9	8	7	6	4	4	3	6	6	7	9	8	8
5	5	5	5	4	3	4	5	6	7	7	5	4	3	2	3	4	3	2	2	1	1	1	1	1	2	2	3	4	4	2	2	1	0	2	3	5	5	6	4	3	4	4	5	5	5	3	3	1	2	2	3	4	4	6	6	6	5	7	4	3	3	3	3	3	3	3	3	1	1	1	1	1	1	1	1	0	0	1	4	4	6	6	5	2	2	1	1	2	4	6	15	35	63	96	109	118	108	143	250	346	406	409	367	240	126	48	5	4	1	1	2	3	4	5	5	3	3	2	3	3	2	2	3	3	5	5	5	5	5	6	6	5	4	5	2	3	5	5	5	7	5	4	4	3	4	4	5	6	6	4	5	5	4	5	5	4	6	6	4	5	3	1	4	4	3	3	3	1	1	1	1	2	1	1	2	2	2	3	3	3	3	3	3	4	3	4	4	3	5	5	4	4	4	4	6	6	5	5	2
2	2	2	2	1	1	1	0	0	0	0	0	0	1	1	1	1	1	1	3	4	4	4	3	1	0	0	0	0	0	0	0	0	0	1	1	2	2	2	3	3	2	2	2	3	3	18	38	48	63	64	50	29	17	2	1	1	2	3	3	4	4	4	3	4	2	1	1	1	0	0	0	0	2	4	6	8	10	11	15	15	15	13	12	12	12	13	10	8	7	6	6	22	44	80	105	111	117	122	162	210	224	212	182	110	47	19	12	11	12	9	10	9	8	8	8	7	4	3	3	3	3	3	2	1	1	2	2	4	4	3	4	4	4	5	5	3	2	1	0	1	1	1	1	1	1	2	2	4	4	3	3	4	5	7	7	6	4	2	1	1	1	1	1	2	2	3	3	4	6	7	6	6	5	3	3	3	3	3	3	2	2	2	7	15	61	192	368	515	554	545	419	241	87	10	5	2	4	4	4
7	5	8	26	50	88	111	111	119	128	171	218	224	201	164	96	35	17	11	12	12	10	10	9	8	8	7	7	4	3	2	3	3	3	2	1	1	2	3	4	3	4	4	4	5	5	3	3	2	0	0	1	1	1	1	1	1	2	2	4	3	3	3	4	6	7	7	6	4	1	1	1	1	1	2	2	2	3	4	5	6	7	6	5	4	3	3	3	2	3	3	2	2	2	7	23	86	233	417	534	554	522	373	192	57	7	3	4	4	4	4	3	2	2	3	3	3	2	2	1	1	1	1	1	1	1	1	1	0	0	0	0	0	0	0	0	0	2	2	4	4	4	3	3	3	4	4	6	6	6	6	6	4	5	5	3	4	4	2	3	3	5	5	5	5	4	2	3	3	3	3	4	3	1	1	1	1	2	2	2	1	1	0	2	2	4	5	6	6	6	4	3	0	0	0	2	3	3	3	3
4	4	3	2	1	4	5	5	5	6	7	7	7	7	3	2	2	2	2	2	3	2	2	3	2	2	4	4	3	3	3	2	3	4	3	4	4	3	3	2	1	2	2	2	2	3	2	3	6	8	8	7	6	4	2	2	3	3	4	4	5	4	4	3	5	10	26	45	68	97	108	113	106	98	72	54	32	17	9	7	7	7	6	6	5	3	2	2	3	4	9	47	88	152	238	249	244	226	169	83	47	43	131	244	309	330	318	226	109	42	4	2	3	4	5	5	5	4	2	2	3	3	2	1	1	2	4	4	4	3	1	0	0	2	2	3	4	4	2	2	2	1	1	2	3	3	6	6	7	7	8	6	5	3	2	1	1	2	2	2	1	1	2	3	3	5	6	5	4	4	3	2	3	3	3	2	2	0	0	1	2	2	2	3	2	1	1	1	3	5	9	15	19	22	22	20	16	11	9	5
3	3	4	5	5	4	3	2	1	2	4	4	4	3	3	1	2	3	2	2	2	1	1	2	2	3	3	3	2	3	1	2	4	5	4	3	3	4	4	4	4	3	2	2	2	2	4	4	4	6	6	3	3	3	3	3	2	2	0	0	2	3	3	3	4	2	2	2	1	1	2	1	2	3	4	5	6	11	25	39	49	53	52	38	23	11	4	4	8	10	10	8	8	5	9	47	177	333	468	542	544	422	266	123	21	4	4	6	12	12	11	11	9	13	24	41	47	48	45	37	21	14	12	26	48	74	97	97	90	71	44	24	47	168	420	658	840	882	852	632	381	181	46	21	21	23	24	20	13	7	3	1	3	3	4	6	6	5	4	3	1	0	0	1	3	3	5	6	5	3	3	1	0	1	2	2	3	3	5	5	5	4	3	4	5	5	7	7	4	3	4	1	2	2	2	1	1	1	1	4
48	23	40	150	372	637	811	882	862	668	413	213	55	25	21	22	24	20	14	7	5	2	2	3	4	5	6	6	4	3	2	0	0	1	3	3	4	6	5	3	3	2	0	1	2	2	3	3	5	5	5	4	3	2	4	5	6	7	6	4	4	3	2	2	2	1	1	1	1	2	4	4	8	10	9	8	7	4	4	4	4	4	3	4	4	2	3	3	1	1	4	8	21	24	51	408	1074	1853	2476	2573	2318	1667	883	238	36	11	6	5	7	6	7	6	6	5	5	5	5	6	7	8	8	7	7	7	3	3	2	3	3	3	4	4	4	5	4	2	1	5	6	6	7	7	2	2	2	2	2	3	2	2	4	4	3	3	2	0	0	0	0	0	0	0	1	2	2	2	2	1	1	2	2	2	2	2	3	3	3	2	2	0	2	2	2	2	2	1	1	2	2	4	5	6	5	5	5	3	2	2	2	2
6	5	5	3	2	2	3	3	3	2	4	5	5	5	4	2	2	5	5	4	3	3	2	2	3	4	2	4	5	4	5	5	3	3	2	2	3	4	6	6	7	6	4	2	2	2	3	4	3	3	3	2	2	3	4	4	3	3	1	1	3	3	3	2	2	2	2	4	5	6	6	7	6	5	3	2	2	7	9	10	10	10	6	6	5	14	34	40	50	52	49	32	29	22	22	51	133	255	388	434	432	358	234	99	23	9	4	3	3	3	2	1	2	2	3	3	3	2	2	3	3	4	6	6	4	4	3	0	0	0	0	0	0	0	1	1	2	2	3	4	6	7	7	6	5	2	2	2	2	2	2	2	2	1	2	3	2	2	3	3	4	4	4	4	4	3	3	2	1	1	1	4	5	4	4	4	2	4	6	6	4	4	3	1	3	4	4	3	3	2	3	3	3	2	3	2	2	3	2	2
1	0	2	4	8	10	11	10	10	6	5	6	4	4	4	4	2	3	3	3	4	3	2	1	1	1	2	3	4	3	3	1	1	0	0	1	1	2	3	3	3	5	5	12	26	48	63	64	57	44	26	35	46	47	40	28	14	5	7	8	9	9	7	7	7	6	5	5	3	3	3	2	2	1	1	3	3	5	5	5	6	6	5	5	5	6	7	7	10	13	41	99	165	246	324	518	977	1860	2680	3329	3509	3299	2569	1815	944	468	238	74	29	23	24	16	10	9	2	1	0	0	1	2	2	2	3	3	3	4	4	3	5	7	9	9	9	7	4	2	1	1	2	3	3	3	2	1	1	1	2	2	4	4	4	7	7	6	5	4	2	3	5	5	4	6	4	3	3	3	1	0	0	2	2	3	6	6	5	6	5	4	4	3	3	7	7	8	8	7	3	3	5	9	9	9	8	7	2	3	2	3	4	4
3	5	6	6	4	3	0	0	0	0	1	1	2	3	3	4	4	6	5	5	5	4	2	2	0	1	2	2	2	2	0	0	0	0	0	1	1	1	1	1	2	3	6	7	7	6	7	5	6	6	8	7	7	6	6	1	3	5	5	6	6	4	1	2	2	2	2	3	1	1	1	1	0	1	1	1	1	2	2	3	5	5	6	6	5	4	3	1	5	5	9	11	11	13	18	31	75	159	232	279	280	242	160	81	21	6	2	1	1	1	2	1	1	2	3	5	7	8	7	8	6	7	6	7	6	4	5	3	3	4	4	3	4	5	6	14	20	26	27	27	19	14	6	4	2	2	1	2	2	1	1	2	1	1	1	1	1	1	1	2	3	4	4	4	3	3	1	1	2	4	6	7	7	5	4	2	1	1	1	0	1	2	2	2	1	1	0	0	0	0	0	0	0	1	1	2	2	2	3	4
6	6	4	3	5	5	4	3	2	0	0	0	0	0	1	1	2	3	3	2	3	3	3	4	4	3	2	2	5	6	6	6	6	3	2	2	1	1	2	2	2	1	1	0	1	1	1	3	3	2	2	2	1	5	6	6	6	5	3	4	4	6	6	6	8	9	10	8	7	10	10	10	12	10	7	7	6	5	2	1	1	3	3	5	5	4	4	5	4	6	7	9	12	16	18	32	77	213	387	544	604	598	465	295	126	22	11	5	9	19	30	42	52	47	38	26	14	3	1	0	2	2	4	4	5	4	4	5	5	4	4	3	6	6	5	6	6	2	3	5	3	3	3	2	1	1	1	1	0	1	3	3	5	6	5	4	4	2	2	3	3	4	4	5	5	5	5	7	8	9	8	8	7	8	8	9	6	5	3	2	3	3	2	3	3	3	4	4	5	6	7	6	6	4	3	2	2	2	4	6
56	56	49	34	27	14	9	8	7	5	5	4	2	2	3	3	2	1	1	0	0	0	0	0	0	3	6	8	10	10	10	7	5	5	6	8	8	9	7	5	3	3	4	4	5	5	3	4	5	6	6	6	7	6	4	3	2	1	5	6	6	10	12	15	15	16	14	8	5	5	4	5	7	7	7	8	8	9	9	7	6	5	4	5	4	3	3	3	3	5	4	5	7	9	25	192	633	1215	1610	1763	1692	1278	700	288	33	7	5	5	4	2	3	3	3	3	3	1	2	2	1	1	1	0	0	2	3	3	5	5	3	3	3	1	1	1	4	4	7	9	9	7	7	4	4	6	7	7	6	4	2	1	3	3	3	6	6	6	6	5	2	2	4	5	6	6	6	4	4	4	4	3	4	3	4	4	4	4	3	2	4	4	4	6	9	9	10	9	8	6	3	2	3	3	3	3	3	2	1	1	1	1
4	3	4	2	2	3	2	1	2	2	1	1	1	0	0	0	0	0	0	0	0	0	0	0	0	0	0	0	0	0	0	0	1	1	2	3	3	3	3	2	1	0	0	1	2	2	2	2	2	2	3	3	2	4	4	5	8	8	9	9	11	9	8	6	3	2	1	2	2	4	4	4	3	3	3	5	5	5	6	6	6	6	6	3	3	1	1	1	2	2	2	2	4	4	7	30	65	109	146	160	145	116	78	38	18	13	8	7	7	4	4	3	5	5	5	6	5	3	3	4	4	8	9	8	8	7	4	4	4	3	5	5	7	8	10	8	9	8	6	4	4	2	2	2	1	1	0	3	6	12	20	23	26	30	29	25	20	17	10	6	5	4	3	2	2	1	0	1	1	3	4	4	3	3	2	1	1	2	3	2	2	2	3	4	5	5	6	3	4	4	4	5	6	6	6	6	4	3	3	3
