3	2	3	4	4	3	3	1	0	0	0	0	2	6	6	6	6	11	22	38	43	46	40	30	15	10	2	1	1	2	2	2	3	5	8	8	8	7	4	1	0	0	1	1	1	1	1	1	1	1	1	0	1	3	3	3	4	3	2	2	2	1	1	0	0	0	0	0	0	0	3	5	7	10	12	10	8	8	6	4	4	4	3	5	9	20	26	26	27	28	19	63	350	927	1395	1930	1957	1825	1329	898	386	238	195	152	106	60	28	19	22	22	21	20	17	9	5	2	1	2	2	2	3	2	2	2	2	2	2	1	1	1	0	0	0	1	3	3	4	4	3	1	1	1	1	1	1	0	0	0	1	1	1	1	1	0	0	0	0	0	0	0	0	0	0	0	0	0	0	0	0	0	0	0	0	0	0	0	0	0	0	0	0	0	0	1	1	1	1	1	0	2	2	2	2	2	0	0	0	0	0	1
1	2	1	1	1	1	1	1	2	3	3	3	3	3	3	3	3	2	1	1	0	0	0	0	0	0	0	0	0	1	1	1	1	1	0	0	0	0	0	0	0	0	0	1	2	2	2	1	1	0	0	0	0	0	0	0	0	0	1	1	1	1	1	0	0	0	0	0	0	1	1	1	1	2	1	1	1	1	1	1	1	2	3	2	2	2	1	0	0	0	0	0	0	0	15	70	170	277	368	394	388	312	213	111	40	15	8	2	2	2	2	1	1	1	1	1	1	0	0	0	0	0	0	0	0	0	1	1	1	1	1	0	0	0	1	1	1	1	1	0	0	0	0	0	0	0	0	0	0	1	1	1	1	1	0	0	1	1	1	2	2	1	1	1	0	0	0	0	1	1	3	4	4	4	5	4	3	2	2	0	0	0	0	0	0	0	0	0	0	0	0	0	0	0	0	0	1	1	3	3
0	0	0	0	0	0	1	1	1	1	1	0	0	2	2	2	2	2	2	3	3	3	1	1	0	0	0	0	1	1	1	2	2	1	1	2	1	1	2	2	1	1	1	0	0	0	0	0	1	1	1	1	1	0	1	1	2	3	3	3	3	2	2	1	1	1	1	0	0	1	2	2	2	2	1	0	0	0	0	0	0	0	1	1	1	1	1	0	1	3	3	6	7	7	7	9	34	72	92	131	137	126	89	65	25	3	2	2	1	1	0	0	2	2	3	3	3	1	1	0	0	0	0	0	0	0	0	0	0	0	0	1	1	1	1	1	0	0	0	0	0	0	0	0	0	0	0	0	0	0	0	1	1	1	1	1	0	0	0	1	1	1	1	1	0	1	1	1	1	1	2	2	3	3	3	1	2	2	3	3	3	3	4	4	5	4	4	3	2	1	1	0	1	1	1	2	3	3	3	4
1	1	1	1	1	0	0	0	1	1	2	3	3	3	3	3	2	3	3	3	4	3	2	2	2	2	2	2	2	2	0	0	0	0	0	0	0	1	2	4	6	6	6	5	3	1	1	1	1	1	1	1	1	3	3	3	3	3	1	2	2	1	1	1	1	1	3	4	4	4	4	2	2	2	1	1	1	1	1	1	1	1	0	1	1	1	1	3	2	5	5	12	19	35	49	84	262	461	666	839	845	730	535	335	119	48	25	5	2	7	14	20	32	36	37	63	135	192	265	285	280	201	136	59	8	1	1	0	0	0	0	1	1	1	2	2	1	1	1	0	0	0	0	0	0	0	0	0	0	0	1	1	1	1	1	0	0	0	0	0	0	0	0	0	0	1	1	1	1	1	1	1	1	1	0	1	2	3	3	3	2	1	0	0	0	1	3	3	4	4	4	3	3	2	1	1	0	0	1	2
0	0	0	1	2	2	2	2	1	0	2	2	2	2	2	0	1	1	1	1	2	1	1	1	1	0	1	1	2	4	4	4	4	3	1	1	0	0	0	0	0	0	0	0	0	0	0	0	0	0	0	0	1	1	1	1	1	0	0	1	1	1	1	1	0	0	0	1	1	1	1	1	1	1	5	6	6	7	9	7	13	24	53	74	92	94	91	69	45	24	11	4	3	5	39	508	1599	2562	3466	3931	3795	2829	1863	928	154	16	5	2	1	0	0	0	0	0	0	1	1	1	2	5	5	5	5	4	1	0	1	2	2	2	2	1	0	1	1	1	1	1	1	1	3	3	2	2	2	0	0	0	2	2	2	2	2	0	0	0	0	0	0	0	0	0	0	1	2	3	3	3	2	1	1	1	1	1	1	0	0	0	0	0	0	0	0	0	0	0	0	0	0	0	0	0	0	0	0	1	1	1	1	1
1	1	1	1	1	2	2	2	2	1	0	0	0	0	0	0	0	0	0	0	0	0	0	0	0	1	4	19	39	47	62	64	60	40	32	14	1	1	0	1	1	2	2	2	1	2	2	2	2	2	1	2	2	2	1	1	0	0	0	0	1	1	1	1	1	1	1	1	1	1	0	0	1	1	1	2	2	1	1	1	0	0	0	0	0	0	0	0	0	0	1	3	3	5	9	11	69	126	192	238	242	209	152	86	37	8	0	0	0	0	0	1	1	1	1	1	1	1	1	1	2	1	1	2	3	3	3	3	2	0	0	0	0	0	0	0	0	0	0	0	0	3	3	4	8	12	20	24	25	24	20	15	10	7	6	2	0	0	0	1	2	2	4	4	3	2	2	0	0	0	1	1	1	1	1	0	0	1	1	3	5	12	16	21	25	25	19	15	8	16	61	132	200	259	265	231	165	105	67	80
10	41	100	161	220	242	227	183	116	56	17	0	0	0	0	0	0	1	1	1	1	1	1	1	1	2	2	1	2	3	3	3	3	2	1	0	0	0	0	0	0	0	0	0	0	0	1	3	4	7	10	15	22	25	25	22	17	13	7	7	3	1	0	0	0	2	2	2	4	4	2	2	2	0	0	0	1	1	1	1	1	0	0	1	3	5	6	14	18	25	25	25	16	11	6	37	105	160	243	265	251	189	140	74	74	87	86	66	45	24	4	3	2	2	2	1	1	0	1	2	3	3	3	1	1	0	0	0	0	1	3	3	3	4	6	4	4	4	3	0	0	1	1	1	2	2	1	1	1	1	1	1	1	0	0	1	1	2	2	2	1	1	0	0	1	1	1	1	1	0	0	0	0	1	2	2	2	2	1	0	0	0	1	2	4	5	5	5	4	2	2	2	1	1	1	0	0	0	0	0
2	2	3	3	1	1	1	0	3	6	6	6	6	3	0	1	1	1	1	1	0	0	0	0	0	0	0	1	1	2	2	1	1	1	0	2	2	2	2	2	2	2	2	2	0	0	0	0	0	0	0	0	0	0	1	1	1	1	1	0	0	0	0	1	1	1	2	2	1	2	2	2	3	3	2	1	1	0	1	1	1	1	1	1	1	2	2	2	1	2	6	10	11	14	13	19	39	58	77	84	77	59	37	16	4	0	0	0	0	0	0	1	1	1	1	1	0	0	0	0	0	0	0	0	1	1	1	1	1	1	1	1	1	0	0	0	0	1	2	2	2	2	1	0	0	0	0	0	0	1	1	1	2	2	1	1	1	0	0	0	0	1	1	2	3	3	2	2	2	1	1	3	2	2	2	2	2	2	2	3	3	1	2	2	1	1	1	1	1	2	2	2	1	1	0	0	0	0	0	0
6	14	18	25	25	21	14	10	3	1	0	0	0	0	0	1	1	1	1	1	0	0	1	1	1	1	1	0	0	0	0	0	0	1	1	1	1	1	0	0	3	5	5	5	5	2	1	1	1	1	1	0	0	0	0	0	0	0	1	1	1	1	1	0	0	0	0	0	0	0	0	0	0	0	0	0	0	1	1	1	1	1	0	0	0	0	0	0	0	0	0	2	2	4	5	55	219	355	516	588	577	417	278	117	9	2	2	2	2	2	2	1	1	1	1	0	0	0	0	1	1	1	4	6	7	8	9	6	4	3	2	1	0	0	0	0	0	1	1	2	2	2	1	1	0	0	0	1	1	1	1	1	0	1	1	1	2	2	1	1	1	0	0	0	0	0	0	1	2	3	4	4	3	2	1	0	0	0	0	0	0	0	0	0	0	0	0	0	0	0	1	2	2	2	2	1	1	1	2	2
3	1	1	1	1	1	1	1	2	1	1	1	1	0	2	2	2	2	2	0	0	0	0	0	0	0	3	3	4	4	4	1	1	0	0	0	0	0	0	0	1	1	1	1	1	0	0	0	0	1	1	1	1	1	0	0	0	0	0	0	0	0	0	0	0	0	0	0	0	1	2	2	2	2	2	1	2	2	2	1	2	2	2	2	2	0	0	0	1	2	2	2	1	1	0	4	24	61	90	120	128	115	79	53	19	5	3	2	2	1	1	0	0	2	3	4	4	5	4	3	3	40	76	111	159	163	132	97	63	14	2	2	2	2	1	0	0	0	0	0	0	1	1	1	2	2	1	2	2	1	1	0	0	0	0	0	0	1	1	1	1	1	0	0	1	1	1	2	2	2	3	3	3	3	2	1	1	0	0	0	0	0	0	0	0	0	1	1	2	3	3	2	2	1	0	0	0	0	0	0
1	1	1	1	1	2	2	3	3	3	1	1	0	1	1	2	2	2	1	1	0	0	0	0	0	0	0	0	0	0	0	0	0	0	0	0	0	0	0	0	0	0	0	0	0	0	0	0	0	0	1	1	2	2	2	1	1	0	0	0	0	0	0	0	0	0	0	0	0	0	2	3	7	10	11	11	10	9	7	10	21	65	97	144	162	156	123	92	40	15	3	2	2	3	8	23	50	104	148	185	215	210	158	109	55	7	2	0	0	0	0	0	0	0	0	0	0	0	0	0	0	1	1	1	1	1	0	0	0	0	0	0	0	0	1	1	1	1	1	0	0	1	1	1	1	1	0	0	0	0	0	0	0	0	0	0	0	1	1	1	1	1	1	1	1	1	0	0	0	0	1	1	1	1	1	0	0	0	0	0	0	0	0	1	1	1	1	1	0	0	0	0	0	0	0	0	0	0	0	0
0	0	0	0	0	0	0	0	0	0	0	0	0	0	0	0	0	0	0	0	0	0	0	0	0	1	1	1	1	1	0	0	0	0	0	0	1	1	1	1	1	0	0	0	0	3	3	3	3	3	1	1	1	1	3	2	4	5	5	3	3	1	1	1	1	1	1	0	1	1	1	4	4	3	3	3	0	1	1	2	2	2	2	3	2	4	20	31	47	55	54	42	31	17	16	78	126	176	220	220	168	131	85	45	37	27	21	11	5	4	3	2	3	3	1	2	2	3	4	4	3	2	2	1	1	1	1	2	2	2	2	1	0	0	0	0	2	2	2	2	2	0	0	0	0	1	1	2	3	3	2	2	1	0	0	0	1	1	1	1	1	0	0	0	0	0	2	4	6	8	8	6	4	2	0	0	1	1	1	1	1	0	0	0	0	0	1	1	1	1	1	0	1	1	1	1	1	0	1	2
0	0	0	0	1	2	3	12	15	19	19	18	9	5	0	0	0	0	0	0	1	1	1	1	1	0	0	1	1	1	1	1	1	2	3	3	3	2	2	1	1	1	0	0	1	2	2	2	2	1	0	0	0	0	1	1	1	1	1	0	0	0	0	0	1	1	1	1	1	0	0	0	0	1	1	1	1	1	0	0	0	0	0	1	1	1	1	1	1	1	2	4	16	42	65	101	163	204	258	305	301	242	175	104	21	5	3	3	2	2	1	1	1	2	3	2	2	2	1	0	0	0	0	0	0	0	0	0	0	0	0	0	1	1	1	1	1	0	1	1	1	1	1	1	1	1	1	0	1	1	1	1	1	1	2	2	3	4	3	2	2	1	0	0	0	0	0	0	1	1	1	1	2	3	3	3	5	6	6	6	6	3	0	0	0	0	0	1	1	1	1	2	1	1	1	1	0	0	0	0
1	1	0	0	0	1	1	1	1	1	1	2	2	2	1	1	0	0	1	2	2	2	2	1	0	0	0	0	0	1	1	2	3	3	3	3	2	1	1	0	0	0	0	0	0	0	0	0	0	1	1	1	1	1	0	0	0	0	0	0	0	0	0	0	0	0	1	1	1	2	2	1	1	1	0	0	0	0	2	2	2	2	2	0	0	0	1	1	1	1	1	0	0	0	0	4	50	98	157	204	213	196	151	93	43	8	3	3	2	1	1	2	1	2	2	2	1	1	1	1	1	1	1	0	1	1	1	1	1	0	1	2	2	2	2	2	1	2	3	2	2	2	1	0	0	0	0	1	1	1	1	1	0	1	1	1	1	1	1	1	2	2	2	1	1	2	3	3	3	3	1	0	0	0	0	0	0	0	0	0	0	1	2	2	3	3	2	4	4	3	3	3	1	1	1	1	1	0	0	0
1	1	1	0	0	0	1	1	1	1	1	0	0	0	0	0	0	0	0	0	0	0	0	0	0	0	0	0	0	0	0	0	0	0	1	2	3	3	3	3	3	2	2	2	0	0	0	0	0	1	1	2	3	4	3	3	2	1	0	1	1	1	1	2	1	1	1	1	0	0	0	0	1	2	2	2	2	1	0	0	1	1	1	1	1	0	0	0	0	0	0	0	1	7	9	16	17	19	29	28	32	32	29	17	12	4	1	1	1	2	1	2	3	5	6	6	6	7	7	8	15	20	23	23	23	18	13	12	11	9	5	3	1	0	0	0	0	0	0	0	0	0	0	1	1	1	1	1	0	0	0	0	0	0	0	0	1	1	2	2	2	1	1	0	0	0	1	1	1	1	1	0	0	0	0	0	0	0	1	3	3	3	3	2	0	0	0	2	2	2	2	2	0	0	0	0	0	0	0	0
2	2	2	0	0	1	1	2	2	1	1	1	0	0	1	1	1	1	1	0	1	1	1	1	1	1	3	3	3	3	3	1	1	1	0	0	0	0	0	0	1	1	2	2	2	2	2	1	1	1	1	1	1	1	0	0	0	0	1	1	2	3	3	2	2	1	0	0	1	1	1	2	2	1	1	1	1	2	2	4	4	3	2	2	0	0	0	0	0	0	0	0	0	1	15	91	322	500	724	794	776	585	413	191	62	25	15	2	1	1	1	0	0	0	0	0	0	1	1	2	2	2	1	1	0	0	0	1	1	2	2	2	1	1	1	1	1	1	1	0	0	0	0	0	0	0	0	0	0	1	1	1	1	1	0	0	0	0	0	0	0	0	0	0	0	0	0	1	1	3	4	4	3	3	1	0	0	0	0	0	0	0	0	0	0	0	0	0	0	0	0	0	0	1	1	1	1	1	0	0
6	4	4	5	5	6	5	4	4	4	3	3	6	10	20	41	57	62	63	59	39	20	14	6	5	6	11	18	19	21	18	14	7	6	2	1	0	0	1	2	3	3	3	3	2	1	1	1	1	1	1	0	1	1	1	2	2	1	1	1	0	0	0	0	1	5	5	5	5	5	1	2	3	3	3	3	3	2	3	3	4	4	4	4	5	3	3	1	1	2	3	6	20	49	183	429	676	862	905	869	681	499	357	331	333	290	225	124	51	21	5	5	5	5	4	5	7	11	12	11	10	8	4	3	3	3	5	6	7	6	6	3	2	1	1	0	0	0	0	1	1	2	3	3	2	5	4	3	3	3	1	2	6	8	9	10	10	6	4	3	1	1	2	3	2	2	5	15	23	26	26	23	12	6	3	2	2	1	1	2	3	4	6	6	5	4	4	3	4	5	4	4	5	4	5	7	8	9	9	11
0	0	0	0	0	0	0	2	2	2	4	4	2	4	4	3	3	4	3	3	3	10	15	19	25	26	24	23	22	17	13	9	3	1	0	0	0	0	2	2	2	2	2	0	0	0	1	1	1	1	1	1	1	1	1	1	0	0	0	0	0	0	0	0	0	0	0	0	0	0	0	0	0	0	0	1	1	1	4	4	3	3	3	0	0	0	0	0	0	0	0	3	3	4	6	11	30	72	108	139	146	130	94	55	17	1	0	0	0	1	1	1	1	1	0	0	0	0	0	0	0	1	1	1	1	1	0	0	1	1	1	1	1	0	0	0	0	0	0	0	0	0	1	1	2	2	2	1	1	1	3	3	3	3	2	0	1	1	1	1	1	0	0	0	0	0	0	0	1	1	1	1	1	1	1	1	1	0	1	1	2	2	2	3	3	2	2	2	0	0	0	1	1	1	1	1	0	0	0	0
0	0	1	1	1	1	1	1	1	1	1	2	2	3	4	4	3	2	1	0	0	0	1	4	8	11	13	13	9	6	3	1	0	0	0	1	1	1	1	1	1	2	2	2	2	1	0	0	0	0	0	0	0	0	0	0	1	2	2	2	2	1	0	0	0	1	2	3	3	3	2	1	2	2	2	2	2	1	1	1	2	2	1	1	1	0	4	6	8	10	14	13	13	15	46	131	433	658	825	988	976	689	469	259	24	3	0	0	0	1	1	1	1	1	1	1	1	1	1	0	1	1	1	1	1	0	1	1	1	1	1	1	1	1	1	1	0	0	0	0	0	0	1	1	1	1	1	0	1	2	2	2	3	2	8	13	14	15	13	8	4	1	2	2	2	2	2	1	1	1	0	0	0	0	0	0	0	0	0	0	0	0	1	3	5	6	7	6	9	12	13	13	12	11	9	6	6	2	1	0
1	1	2	2	1	1	1	0	0	0	0	0	0	0	0	0	0	0	1	2	2	3	3	2	1	1	0	1	1	1	1	2	2	2	3	3	2	2	3	2	2	2	1	1	1	2	3	3	2	2	1	0	1	3	3	4	4	3	2	2	1	1	1	1	1	1	2	2	1	1	2	2	3	3	2	1	1	1	1	1	1	1	0	0	0	1	1	1	1	1	0	3	6	8	30	49	63	88	96	100	108	109	90	60	42	9	1	0	0	0	0	0	0	1	1	1	1	1	1	1	1	1	0	1	2	3	6	18	56	95	117	125	122	89	51	28	17	18	19	19	13	9	4	1	0	0	0	0	0	1	1	1	1	1	3	3	3	3	3	0	0	0	0	0	0	0	0	0	0	0	0	0	0	0	0	1	2	4	4	4	5	3	3	3	2	1	1	1	1	1	1	0	2	2	2	4	3	2	2	2
0	1	1	1	1	1	0	0	0	0	0	1	1	1	1	1	0	0	0	0	0	0	0	0	0	0	0	0	0	0	0	1	1	1	1	1	0	0	0	0	0	0	0	0	0	0	0	0	0	0	0	0	1	2	2	2	2	1	0	2	2	2	2	2	0	0	0	0	2	2	2	4	4	4	6	6	5	4	5	3	3	2	2	2	2	2	1	0	0	0	1	1	1	3	9	87	264	482	667	721	698	549	333	143	31	4	2	2	2	2	2	1	1	2	5	18	27	37	46	47	39	31	22	33	72	93	122	139	141	131	112	93	61	39	30	19	8	5	3	3	3	1	1	1	0	0	0	1	1	1	1	1	1	2	3	3	3	2	1	2	2	2	2	2	0	0	0	0	0	1	1	1	1	1	0	1	1	1	1	1	0	0	0	2	2	3	3	2	1	1	0	0	0	0	0	1	1	2	2	4
5	6	6	6	6	5	5	3	3	1	1	0	0	0	0	0	0	0	0	0	0	0	0	1	1	1	1	1	0	0	0	0	0	1	1	1	2	2	1	1	1	0	0	0	0	0	0	1	1	1	1	1	1	4	4	4	4	2	1	1	1	1	1	0	0	0	0	0	0	0	0	0	0	1	1	1	1	1	2	2	2	3	2	1	1	1	1	2	3	4	4	3	4	3	8	16	25	37	44	46	52	47	38	29	24	13	9	6	2	2	2	2	2	1	1	3	3	3	3	2	0	0	0	0	0	0	0	1	3	3	4	4	3	1	1	0	0	1	1	1	2	2	1	1	1	0	0	1	1	2	2	4	19	22	35	44	44	30	27	14	2	0	3	3	3	3	3	0	0	0	0	0	0	0	0	0	0	0	0	0	1	1	1	1	1	0	0	2	2	2	2	2	0	0	0	0	0	0	1	1
4	4	2	1	1	1	1	1	0	0	0	0	0	0	0	0	0	0	1	1	1	1	1	2	2	2	3	2	1	1	1	1	2	4	4	3	3	4	6	11	18	28	40	44	49	52	45	35	29	16	12	9	4	2	2	2	2	2	1	1	3	3	3	3	2	0	0	0	0	0	0	1	2	3	3	4	3	2	1	1	0	1	1	1	1	2	1	1	1	1	0	0	1	2	2	2	5	21	24	37	44	43	28	25	11	1	2	3	3	3	3	1	0	0	0	0	0	0	0	0	0	0	0	0	0	1	1	1	1	1	0	0	2	2	2	2	2	0	0	0	0	0	0	1	1	1	1	1	0	0	0	0	1	2	2	2	2	2	1	1	1	1	0	0	0	0	0	0	0	0	0	0	0	0	0	0	2	2	2	2	2	0	0	0	0	0	0	0	0	0	0	0	0	0	0	0	0	1	1	2
2	2	1	1	1	0	0	0	0	0	0	0	0	0	0	0	0	0	2	2	3	3	3	2	2	2	2	1	1	1	0	0	0	0	0	0	0	0	0	0	1	1	1	1	1	0	0	0	0	0	0	0	0	1	1	1	3	3	2	2	1	1	1	1	1	0	1	1	2	2	2	2	1	1	1	0	0	0	0	0	0	0	0	0	0	0	0	0	0	1	5	9	19	29	33	36	55	104	143	177	193	182	126	81	41	8	3	3	2	0	0	0	0	1	1	2	2	2	1	1	0	0	1	1	1	1	1	0	0	0	2	2	3	3	2	1	1	0	0	1	1	2	3	3	3	3	1	1	1	0	0	0	0	0	0	0	0	0	0	0	0	0	0	0	0	0	0	0	0	0	0	0	0	0	0	1	1	1	1	1	1	1	1	1	0	1	1	1	1	1	0	0	0	0	1	1	1	1	2	1
2	1	1	1	0	0	0	0	0	2	2	2	2	2	0	0	0	0	0	0	0	0	0	1	1	1	1	1	0	0	0	0	0	0	1	1	1	2	2	2	2	2	2	2	11	23	48	79	96	109	113	100	75	61	41	22	17	6	3	2	1	1	1	1	1	1	1	1	1	0	0	0	0	0	0	0	0	0	0	0	0	0	1	1	2	2	3	2	2	1	1	0	0	1	4	10	30	45	60	77	80	63	50	32	11	3	1	1	1	0	0	1	1	1	1	1	0	0	0	0	0	1	1	2	3	4	3	3	2	2	1	2	2	1	1	1	0	0	0	0	0	0	0	0	0	0	0	0	0	1	2	2	3	3	4	4	5	4	3	2	1	0	0	0	0	1	1	1	1	1	0	0	1	1	1	1	2	1	1	1	1	0	0	0	0	0	0	0	0	2	2	2	2	1	0	0	0	0	0	1
0	2	2	2	3	3	1	1	1	0	0	1	1	3	3	3	2	2	1	2	4	4	4	4	2	1	1	0	0	0	0	0	1	1	1	1	1	0	0	1	1	1	1	1	0	0	0	0	0	0	0	1	1	1	2	2	3	3	3	2	2	1	3	3	3	3	2	0	3	3	5	5	5	2	2	1	2	2	2	2	2	1	2	2	1	1	1	1	3	5	5	6	6	4	8	40	97	168	236	263	258	238	178	108	52	19	6	1	0	0	1	2	2	2	2	1	0	0	0	1	1	1	1	2	2	3	3	3	2	1	0	0	0	0	0	0	1	1	3	3	3	2	2	0	0	0	0	0	0	0	0	0	0	0	0	0	0	0	0	0	0	0	0	0	0	0	0	0	0	0	1	1	1	1	1	0	0	0	0	0	0	0	0	0	0	0	0	0	0	0	0	0	0	0	0	0	0	0	1	1
1	1	0	0	0	0	0	0	0	0	1	1	1	1	1	0	0	0	0	0	0	0	0	0	2	2	4	4	4	3	3	1	1	1	0	1	1	2	2	2	1	1	0	1	2	2	2	2	1	2	2	3	3	2	2	2	1	1	0	0	0	0	0	0	0	0	0	0	0	0	0	0	0	0	0	0	0	0	0	0	0	0	1	1	1	1	1	0	7	29	40	65	70	69	51	40	49	101	149	195	197	171	118	72	19	4	3	0	0	0	0	0	0	0	1	2	2	2	2	1	0	0	0	0	0	0	0	0	1	1	1	1	1	0	0	0	2	2	2	2	2	1	1	1	1	1	0	0	0	0	1	1	1	2	2	2	2	2	2	2	1	1	0	2	2	2	2	2	0	0	0	0	0	0	0	0	1	1	1	1	1	0	0	0	0	0	0	0	0	0	0	0	1	1	1	2	2	1	1	1
0	0	0	0	0	0	0	1	2	2	2	2	1	0	0	0	0	0	0	0	0	1	1	1	1	1	1	1	1	1	1	0	0	0	0	0	0	0	0	0	0	0	0	1	2	2	2	3	2	1	1	1	0	0	1	1	1	1	1	0	0	0	0	0	0	0	0	1	1	1	1	1	1	1	2	2	1	1	4	3	3	4	4	1	1	1	2	2	2	2	1	0	1	2	9	43	77	109	145	145	114	79	50	13	10	10	8	5	4	3	1	0	0	0	0	0	0	0	0	0	0	0	0	0	0	0	0	0	0	0	0	0	0	1	1	1	1	2	1	1	1	1	0	0	0	0	1	3	3	3	3	2	1	1	1	1	1	1	1	1	1	1	0	0	1	1	1	1	1	0	0	0	0	1	1	1	1	1	0	0	0	0	1	1	1	1	1	0	2	2	3	3	3	1	1	0	1	2	2	2
0	0	0	0	0	0	0	1	2	2	2	2	1	0	0	0	0	1	2	2	2	2	1	0	0	0	0	0	0	0	1	1	2	2	2	1	1	0	1	4	4	4	4	3	0	0	0	0	1	1	2	2	2	1	1	0	1	1	1	1	1	0	0	1	1	1	1	1	0	1	2	2	2	2	1	0	1	1	1	1	1	0	4	5	7	7	7	3	2	1	6	10	18	32	53	94	182	238	322	370	372	302	248	151	60	33	14	4	0	0	0	0	1	2	2	2	2	1	0	0	1	2	2	2	3	3	2	2	3	1	1	1	2	1	1	1	1	0	0	0	0	0	0	0	0	0	0	2	2	2	2	2	0	0	1	1	1	1	1	1	1	1	1	1	1	2	2	2	1	1	0	1	1	1	1	1	0	0	0	0	0	0	0	1	1	1	1	1	0	0	0	0	0	0	0	1	1	2	2	2
1	0	0	0	1	1	1	1	1	0	0	0	0	0	0	1	1	1	1	1	1	1	1	1	1	1	1	1	1	1	1	1	1	1	0	0	0	2	2	2	2	2	1	1	1	1	0	0	1	1	1	2	2	1	1	1	0	0	0	0	0	0	0	1	1	1	1	1	1	1	1	1	0	0	0	0	0	0	0	0	1	1	1	1	1	1	1	1	1	1	1	2	2	3	3	6	19	35	52	66	67	60	46	30	14	7	2	1	1	1	1	1	1	1	0	0	0	0	0	0	0	0	0	0	0	0	0	0	1	1	1	1	1	0	0	1	1	1	1	1	1	1	1	1	0	0	0	0	0	0	0	0	0	0	0	1	1	1	1	1	0	1	2	2	2	2	2	1	1	1	0	0	0	0	0	0	0	0	0	0	1	1	1	1	1	0	0	0	1	1	1	3	5	5	5	5	3	0	1	1
0	1	1	1	1	1	0	0	0	0	0	0	0	1	1	1	1	2	1	1	1	1	1	1	2	2	2	1	1	0	1	1	1	1	1	0	0	0	0	0	0	0	0	0	0	0	0	0	0	0	0	0	0	0	1	1	1	1	1	0	0	0	0	1	1	1	1	1	0	0	1	1	1	1	1	2	2	2	2	2	1	1	1	1	0	1	1	1	6	16	31	60	79	90	84	72	54	65	103	149	189	188	155	116	62	13	3	0	0	0	0	0	1	2	3	4	4	4	4	3	3	2	3	3	3	2	2	0	0	0	0	0	0	0	0	1	1	1	2	2	1	2	2	1	1	2	2	2	2	2	3	2	3	3	2	1	1	1	1	1	1	1	0	0	0	1	1	2	2	2	1	1	0	0	0	0	0	0	0	0	0	0	0	1	1	1	1	1	0	0	0	0	0	0	0	0	0	0	0	1
6	6	2	2	0	0	0	0	2	2	2	2	3	1	1	2	2	1	1	2	1	1	1	1	0	0	0	2	2	5	5	5	3	2	0	0	0	0	0	0	0	2	2	2	2	2	0	0	0	0	0	0	0	0	0	0	0	0	0	0	1	1	1	1	1	0	0	0	1	1	1	1	1	0	0	0	0	0	0	0	1	1	1	1	1	0	0	0	0	0	0	2	4	6	10	59	405	801	1200	1540	1551	1301	911	506	120	11	4	2	2	2	4	2	2	2	2	0	0	0	0	0	0	0	1	1	1	1	4	3	3	3	3	0	0	0	0	0	0	0	0	0	0	0	0	0	0	0	0	0	0	0	0	0	1	1	1	1	1	0	0	0	0	0	0	0	0	0	0	0	0	0	0	0	0	1	1	1	1	1	0	0	0	0	0	2	2	2	2	2	0	0	0	0	0	0	1	2	2	2	2	2
3	2	2	1	0	0	0	0	0	0	0	0	0	0	0	0	1	1	1	1	1	0	0	0	0	0	1	1	1	1	1	0	1	1	1	1	1	0	0	0	0	1	1	1	1	1	0	1	1	2	2	2	2	2	3	3	3	3	4	2	3	3	3	2	2	0	0	0	0	0	0	0	1	2	2	2	3	3	2	2	2	0	0	0	0	0	0	1	2	3	3	3	2	3	6	7	15	50	99	149	181	180	149	98	46	7	1	1	2	3	3	2	2	1	0	1	2	2	2	2	1	0	1	1	1	1	2	1	2	2	2	1	1	2	3	3	3	2	1	1	1	1	1	1	1	1	1	1	0	0	0	0	1	2	2	2	2	2	1	1	3	3	3	3	3	1	1	0	0	0	2	2	2	2	2	0	0	1	1	2	2	2	1	1	0	0	1	1	1	1	1	0	0	0	0	1	3	5	6	8
1	1	0	1	1	1	1	1	0	0	0	0	0	0	0	0	0	0	1	2	2	2	3	3	2	2	2	1	1	1	1	1	1	1	3	3	2	2	2	2	2	2	3	3	6	6	6	7	5	2	2	2	0	0	0	0	0	0	0	0	0	0	0	1	2	2	2	2	0	0	0	0	0	0	0	3	6	11	16	15	13	11	6	2	2	1	1	0	1	2	2	4	4	5	6	30	71	109	168	198	186	159	125	69	30	15	8	2	1	1	3	3	2	2	2	0	1	2	2	2	2	1	0	0	0	0	0	0	0	0	0	1	1	1	1	1	1	1	1	1	0	0	0	1	1	1	1	1	0	1	1	1	1	1	2	3	3	4	3	2	1	1	0	0	0	0	0	0	0	1	1	1	1	1	0	0	0	0	0	1	2	3	3	3	2	0	0	0	0	0	0	0	0	0	0	0	0	1	1	1
1	2	2	2	3	3	3	2	2	1	1	1	1	1	1	1	1	1	1	1	1	0	0	0	0	0	0	0	0	1	1	1	1	1	0	1	1	1	1	1	0	0	0	0	0	0	0	0	1	1	1	1	1	0	0	0	0	2	2	2	2	2	0	0	0	0	0	0	17	17	17	35	40	24	24	24	5	0	0	1	1	1	1	1	0	0	0	0	0	0	0	1	3	3	5	18	31	40	45	46	34	19	11	4	1	1	0	0	4	5	6	6	6	2	1	1	1	2	2	1	2	2	1	1	1	0	0	0	0	1	1	1	1	1	0	0	0	0	1	1	1	1	1	0	0	0	0	0	0	1	1	1	2	2	1	1	1	0	0	1	1	1	1	1	0	0	0	0	0	0	0	0	0	0	0	0	0	0	1	1	1	1	1	0	1	1	1	1	2	1	1	1	1	0	0	1	1	1	1	0
2	2	0	1	2	2	2	2	2	1	1	1	0	0	0	1	1	1	1	1	0	0	0	0	0	0	0	1	1	1	1	1	0	0	0	0	0	0	1	1	1	1	1	0	1	1	1	1	1	0	0	0	0	0	0	0	0	0	0	0	0	0	0	0	0	0	1	1	1	1	1	1	2	2	2	1	1	0	0	0	0	0	0	0	0	0	0	0	0	0	1	5	11	23	31	49	110	172	239	283	297	259	205	132	65	21	2	0	0	0	0	0	0	0	1	2	2	2	2	1	0	0	0	0	0	0	0	0	0	0	0	0	0	1	2	3	4	3	3	3	2	1	1	0	0	0	0	0	0	0	0	2	2	2	3	3	1	1	1	0	2	2	2	3	3	2	3	3	3	2	2	1	0	0	0	0	0	0	1	1	1	1	1	2	2	2	2	2	0	0	0	0	0	0	0	1	1	2	2	2
0	0	0	0	0	0	0	1	1	1	1	1	0	0	0	0	0	0	0	0	0	0	1	1	3	3	3	2	2	0	0	0	0	1	1	1	1	2	2	2	2	2	0	0	0	0	0	0	0	1	1	1	1	1	0	1	1	2	2	2	1	1	0	0	0	0	0	0	0	0	0	1	1	1	1	1	1	1	2	2	1	1	1	0	0	0	1	1	1	2	2	1	1	1	0	10	43	103	149	196	212	197	140	94	38	4	3	2	2	1	0	2	2	3	3	3	1	1	2	2	2	3	3	2	3	3	2	2	1	0	0	0	0	0	1	1	1	1	1	0	1	1	2	2	2	1	1	0	0	0	0	0	0	0	1	1	1	1	1	1	1	1	2	2	1	1	1	0	1	1	2	2	2	1	1	1	1	1	2	2	1	1	1	0	0	0	0	0	0	0	1	1	1	2	2	2	2	2	1	1
0	0	0	0	1	2	2	2	2	1	0	0	2	2	2	2	2	0	0	0	0	1	1	1	1	1	0	1	1	1	3	3	2	2	2	0	0	0	0	1	2	2	2	2	1	0	0	0	0	0	0	0	0	1	2	2	2	2	1	0	1	1	1	2	2	1	1	1	0	0	0	0	1	1	2	2	2	3	5	4	5	6	6	5	5	4	3	3	7	12	15	19	21	19	98	297	511	743	933	928	848	712	511	250	129	50	14	4	2	1	0	0	1	2	2	2	2	1	0	0	0	1	1	1	1	1	0	0	0	0	0	1	1	1	1	2	1	1	1	2	3	3	3	3	1	1	1	2	3	2	2	2	4	5	5	5	4	1	0	1	1	1	1	2	1	1	1	1	0	0	1	1	1	1	1	0	0	0	0	0	0	0	0	1	1	1	1	1	0	0	0	0	0	0	1	1	1	1	1	1
1	1	1	1	0	1	1	1	2	2	2	2	2	1	1	1	1	1	1	1	0	0	1	1	1	2	2	1	1	1	0	0	1	1	2	3	3	4	5	6	6	6	4	3	2	1	1	1	1	0	0	0	0	0	0	0	0	0	0	0	0	0	1	2	3	6	7	6	8	9	8	9	9	7	6	5	4	3	1	1	2	3	2	2	1	1	0	1	1	1	1	1	0	3	9	20	62	102	141	165	165	132	99	58	25	15	8	1	0	0	0	1	1	2	3	2	2	2	2	1	2	2	3	4	6	6	7	9	9	10	12	12	8	5	4	1	1	3	2	3	3	3	3	9	20	33	48	52	51	47	34	21	11	10	14	16	16	16	9	2	2	2	2	2	1	0	0	0	0	0	0	0	0	0	1	1	1	1	1	0	0	0	0	0	0	1	2	2	3	4	5	4	4	3	1	0	1	1	3	3
3	4	6	6	7	9	9	10	10	12	8	5	4	3	1	3	2	3	3	3	3	8	20	33	48	52	51	47	35	21	13	9	14	16	16	16	9	2	2	2	2	2	1	0	0	0	0	0	0	0	0	0	1	1	1	1	1	0	0	0	0	0	0	1	2	2	3	4	5	4	4	3	2	0	1	1	2	3	3	2	2	1	0	0	0	1	1	1	1	1	0	2	3	4	5	45	93	154	215	219	214	182	128	70	32	13	6	4	2	2	1	0	0	0	0	0	1	2	2	3	3	2	2	2	1	2	1	1	1	1	2	4	7	26	160	379	533	683	687	567	353	200	29	6	1	1	0	0	0	1	1	3	3	4	3	3	3	3	2	2	0	0	0	0	0	0	0	0	0	1	1	1	1	1	2	2	2	2	3	2	2	2	2	1	1	1	1	1	1	1	1	0	0	0	0	0	0	0	0	0
2	2	2	2	0	0	0	0	0	0	0	0	0	0	1	1	1	1	0	0	0	0	0	0	1	1	2	2	4	5	5	4	4	2	0	1	1	1	3	3	2	2	2	0	0	0	0	1	1	1	1	1	2	2	3	4	24	69	122	178	219	217	197	153	99	56	22	7	6	3	2	2	0	0	0	0	0	0	1	2	3	3	3	2	2	1	2	2	1	1	1	0	4	4	12	90	290	460	612	687	640	440	275	114	11	3	1	0	0	0	0	1	3	3	4	4	3	3	3	2	2	2	0	0	0	0	0	0	0	0	1	1	1	1	1	1	2	2	2	3	3	2	2	2	1	1	1	1	1	1	1	1	0	0	0	0	0	0	0	0	0	0	0	1	1	1	1	1	1	1	1	1	1	0	0	0	0	0	0	0	0	0	0	0	0	0	0	0	0	0	0	1	1	1	1	1	0	0	0	0
0	0	0	0	0	0	0	0	0	0	0	0	0	0	0	0	0	0	2	2	3	3	3	1	2	2	2	2	3	2	1	1	0	0	0	0	0	0	0	0	0	0	0	0	1	1	1	1	1	2	2	3	3	3	2	2	1	0	0	0	0	0	3	8	9	9	9	6	1	2	2	2	2	2	0	0	0	0	0	0	0	0	0	0	0	0	0	1	1	1	1	1	4	10	18	61	247	378	578	648	637	469	339	135	33	7	1	0	0	0	0	0	0	0	0	0	0	1	3	12	18	26	40	43	34	28	19	4	1	1	1	1	1	0	1	1	1	1	1	2	2	2	2	1	0	0	0	0	0	0	0	0	0	0	0	0	1	2	2	2	2	2	1	1	1	0	0	0	1	1	1	1	1	1	2	3	3	5	4	4	3	3	1	0	2	2	3	4	4	2	2	1	0	0	0	0	0	1	1	1
0	0	0	0	0	0	0	0	0	0	0	0	0	0	0	0	0	0	1	1	2	2	2	1	1	0	0	0	3	3	4	4	4	1	1	0	0	0	0	0	0	0	0	0	0	0	0	0	0	0	0	0	0	0	0	0	1	1	1	2	2	1	1	1	0	0	0	1	2	2	3	2	2	2	2	1	2	2	2	3	3	2	2	2	1	1	1	2	2	2	2	1	0	1	3	14	70	116	154	172	167	116	71	31	5	2	2	3	4	4	2	2	3	2	2	2	2	1	1	2	2	1	1	1	0	0	0	0	0	0	1	1	2	2	2	1	1	1	1	1	2	2	1	1	1	0	1	1	1	1	1	0	0	0	0	0	0	2	2	2	3	3	3	3	3	2	2	1	1	1	0	0	0	0	0	0	0	0	0	0	0	0	0	0	0	0	0	0	0	0	1	1	1	3	3	3	3	3	1	0
2	2	2	1	1	1	0	0	0	0	0	1	1	1	1	1	0	0	0	0	0	0	0	0	1	1	1	1	1	2	2	2	2	2	0	0	0	0	0	0	0	0	0	1	1	1	1	1	1	1	1	1	0	0	1	1	1	3	3	3	5	5	4	4	2	2	2	1	1	0	0	0	0	2	3	3	5	5	3	2	2	0	0	0	0	0	1	2	3	3	3	2	1	1	2	18	82	170	233	304	301	254	170	108	26	10	7	4	4	4	4	4	6	9	9	10	10	7	3	4	3	2	2	1	1	1	1	1	1	0	0	0	0	0	0	0	0	1	1	1	1	1	0	0	1	1	1	1	1	0	1	1	1	1	1	2	3	3	3	3	1	0	0	0	0	0	1	1	2	3	3	2	2	1	0	0	1	1	1	2	2	1	1	1	0	0	0	0	0	0	0	1	1	1	1	1	0	0	1	2
1	0	0	0	0	0	0	0	0	0	1	1	1	1	1	0	1	1	1	1	1	0	0	0	0	0	0	0	0	0	0	0	0	0	0	0	2	2	2	2	2	0	0	0	0	0	0	0	1	3	3	3	3	3	1	2	3	3	2	2	1	0	0	0	0	0	0	1	1	1	1	1	1	1	2	2	2	1	1	0	0	0	0	1	1	1	1	1	0	0	0	0	1	8	19	49	99	133	176	182	166	128	88	39	19	6	2	1	1	1	1	1	0	0	0	0	0	0	0	0	0	0	0	0	1	1	2	2	2	1	1	0	0	0	0	0	0	0	0	0	0	0	2	3	5	5	5	3	2	0	1	1	1	1	1	0	0	0	0	0	0	0	0	0	0	0	0	1	1	1	1	1	0	0	0	0	0	0	0	0	0	1	1	1	1	1	0	0	0	0	0	0	0	0	0	0	0	1	2	2
0	0	0	0	1	2	2	2	2	1	0	0	1	1	1	1	1	0	0	0	0	1	2	2	2	2	1	1	1	1	1	1	1	1	1	1	1	1	2	2	1	1	1	0	0	0	0	0	0	0	0	0	0	0	0	0	0	0	0	0	0	1	1	1	1	1	0	0	1	1	1	1	1	0	0	0	0	0	0	0	0	0	0	0	0	0	0	0	0	0	0	0	6	18	28	44	47	52	78	78	104	122	116	83	70	31	5	1	2	4	4	5	5	4	2	2	2	2	2	1	2	1	2	2	2	1	0	0	0	0	1	1	1	2	2	2	3	3	3	3	2	1	1	1	1	1	0	1	1	2	3	3	2	2	1	0	0	0	0	0	1	1	1	1	1	0	1	1	1	1	1	0	0	0	0	0	0	0	1	1	1	1	1	0	0	2	2	2	2	2	0	1	1	1	2	2	2	2	2	1
1	1	2	2	1	1	1	0	0	1	1	1	1	1	0	0	0	0	1	1	1	1	1	0	0	0	0	0	0	0	0	0	0	1	2	2	2	2	1	0	0	0	0	0	0	0	0	1	1	1	1	2	1	1	1	1	0	1	1	1	1	1	0	0	0	0	0	0	0	0	0	1	1	1	1	1	0	0	0	0	0	1	1	2	2	2	1	1	0	0	0	0	4	10	17	35	53	68	69	65	52	37	19	15	11	7	9	10	10	9	6	2	1	1	1	1	0	0	0	0	0	0	0	1	1	1	1	1	0	0	0	0	0	0	0	4	4	4	5	5	1	1	1	0	0	0	0	0	1	1	1	1	1	0	0	0	0	0	0	0	1	1	1	1	1	0	1	1	1	2	2	2	2	2	1	1	0	0	1	1	1	1	1	0	0	0	0	0	0	0	0	0	0	2	2	2	2	2	0	1
0	0	0	0	0	0	1	1	1	1	1	0	0	1	1	1	1	1	1	1	1	1	1	1	2	2	2	1	1	0	0	1	2	2	3	3	2	3	3	2	2	1	0	0	0	0	0	0	4	5	5	5	5	1	0	0	0	0	3	5	6	7	7	6	4	3	2	1	0	0	1	1	1	1	2	1	1	1	1	0	1	1	1	1	1	0	0	0	1	1	1	1	2	7	23	63	276	546	741	959	964	806	531	319	64	2	1	1	1	0	0	0	0	0	0	0	0	1	1	1	1	1	0	0	0	0	0	1	1	1	1	1	0	0	0	0	0	1	1	1	2	2	1	2	2	1	2	3	3	4	4	3	2	1	0	0	1	1	1	1	1	0	0	0	0	1	1	1	1	1	1	1	2	2	2	1	1	0	0	0	4	4	6	6	6	2	2	0	0	0	0	0	0	0	0	0	0	0	0	0
1	1	1	1	1	2	2	2	2	1	0	0	0	0	0	0	0	0	0	1	1	1	1	1	0	0	0	1	1	1	1	1	0	0	0	1	3	3	3	3	2	0	0	1	2	3	3	3	2	1	0	0	0	0	0	0	0	0	0	0	0	0	0	1	1	1	1	1	0	0	0	0	0	0	0	0	0	0	2	2	3	3	3	2	2	3	3	3	2	2	2	6	8	17	39	134	358	559	718	739	734	537	327	149	32	8	6	6	7	4	3	3	3	1	2	2	4	5	7	9	9	7	5	3	2	2	2	2	2	1	0	1	1	1	1	1	0	0	0	1	1	1	1	1	0	0	1	1	1	1	1	0	0	1	1	1	1	1	0	1	1	1	2	2	1	2	2	1	1	3	5	11	19	20	19	17	10	3	0	0	0	0	0	0	0	1	1	1	1	1	0	0	0	0	1	1	1	1	1	0
1	1	2	2	1	3	3	3	3	3	1	1	1	2	2	2	1	1	0	0	1	2	2	2	2	0	0	0	0	0	0	0	1	1	1	1	1	0	0	0	0	0	0	1	1	1	1	1	0	0	0	0	0	0	0	0	0	0	0	1	1	1	1	1	0	0	0	0	0	0	0	0	0	0	1	1	1	1	1	0	0	0	0	0	0	0	0	0	0	2	3	3	4	4	2	4	31	78	109	137	141	120	76	47	16	8	2	1	1	2	1	1	1	1	0	0	0	0	1	1	1	1	1	0	0	0	0	0	0	0	0	0	0	0	0	0	0	0	1	1	1	1	1	0	0	0	0	0	0	0	0	0	0	0	0	0	0	0	1	1	1	1	1	0	0	0	0	0	0	0	1	1	1	1	1	0	2	2	2	3	4	2	2	2	1	0	1	2	2	2	3	3	2	2	2	1	1	1	2	2
1	1	1	1	1	1	1	0	0	0	0	0	0	0	0	0	1	2	2	2	2	2	2	2	2	2	2	1	1	1	1	1	1	1	1	0	0	1	1	1	4	4	4	4	4	1	0	0	1	1	2	3	4	3	3	3	2	1	2	2	3	4	6	7	9	7	7	6	7	8	8	6	4	3	2	2	2	2	2	4	4	5	7	7	11	16	17	17	16	14	8	4	3	1	5	131	406	634	884	966	869	604	377	119	3	3	1	0	1	1	2	4	5	6	7	7	5	3	2	2	2	3	3	3	3	3	2	3	2	2	3	4	6	6	10	11	9	11	11	6	5	5	0	1	1	1	2	2	1	1	1	1	2	2	2	2	1	0	0	0	0	0	0	0	1	1	2	2	2	2	2	2	3	3	2	2	1	2	3	3	3	2	1	0	0	1	1	1	1	2	1	2	3	3	4	4	4	4	4	3
2	3	3	2	1	1	0	0	0	0	0	0	0	0	0	0	1	4	4	5	5	4	1	1	0	0	0	0	1	1	1	1	1	0	0	2	2	2	3	3	1	1	1	0	0	1	2	2	2	2	1	0	2	3	3	3	3	1	1	5	9	11	13	14	11	7	4	3	2	4	4	4	5	5	6	8	8	8	8	8	6	4	5	8	8	8	7	5	2	2	3	3	3	3	4	34	131	213	295	323	314	219	136	55	8	3	3	3	2	2	2	1	1	1	1	1	2	2	2	2	2	1	4	5	6	7	7	7	6	5	6	6	4	4	2	2	2	2	4	4	2	2	2	1	3	3	3	3	2	0	1	1	2	2	2	1	1	0	0	0	1	1	3	4	4	3	5	3	2	2	2	0	1	1	2	2	2	2	3	4	4	3	3	1	0	2	3	3	3	3	1	0	0	1	1	1	2	2	1	1
2	3	4	4	6	5	3	2	2	1	1	1	1	0	0	0	1	1	1	1	2	1	2	3	3	3	3	3	2	2	1	0	1	1	1	1	1	0	0	1	2	2	2	2	2	1	2	2	2	2	2	2	3	4	3	3	2	2	1	1	1	1	0	1	1	2	2	2	1	1	2	3	3	3	2	1	3	4	4	4	3	3	2	2	3	3	4	4	4	5	3	5	75	241	354	509	572	546	461	722	971	1356	1529	1501	1101	764	335	35	7	4	8	11	14	16	15	12	10	8	7	5	5	5	5	5	3	3	2	6	8	9	10	10	7	5	4	3	3	3	6	7	7	6	5	2	1	1	2	2	3	3	3	3	3	1	1	1	0	0	1	1	1	1	2	2	3	4	4	3	3	4	5	5	4	4	2	0	0	0	2	2	4	4	4	4	5	3	3	2	2	1	1	2	1	1	1	2	1	2	3	3
3	3	7	8	9	10	8	6	4	3	3	3	3	6	7	6	6	5	2	1	1	2	2	3	3	3	3	3	1	1	0	0	0	1	1	1	1	2	2	3	4	4	3	3	4	5	5	4	4	1	0	0	1	2	2	4	4	4	4	5	3	3	2	2	1	1	2	1	1	1	2	1	2	3	3	2	2	1	0	1	3	3	3	4	3	2	2	2	1	0	0	0	1	8	40	102	230	410	538	659	666	558	381	219	42	11	7	3	1	1	0	1	4	5	6	6	5	2	2	1	1	2	1	1	1	1	2	3	5	5	5	3	2	1	2	2	2	2	1	0	0	0	2	3	4	5	5	3	2	1	4	5	6	6	6	3	2	2	2	2	2	3	3	3	2	2	1	1	1	1	1	2	3	4	4	3	2	2	6	7	11	11	12	12	15	31	63	85	99	109	98	66	44	24	8	4	3	3	2	2
1	1	1	1	1	0	1	1	1	1	1	0	0	0	0	0	1	1	1	2	3	6	6	6	5	5	2	3	5	4	3	4	3	2	2	2	3	2	3	3	3	1	2	3	5	5	5	3	2	1	1	1	1	0	0	0	0	0	1	1	1	1	1	0	0	1	2	2	2	2	1	1	1	1	2	2	2	3	3	3	3	2	1	1	0	0	1	3	3	4	6	9	18	28	40	50	129	413	634	905	991	971	692	469	185	33	9	4	1	3	3	3	2	2	0	0	0	0	0	0	1	1	2	2	2	1	1	0	0	0	0	0	0	0	0	0	0	0	0	0	0	0	0	0	1	1	1	1	2	1	3	3	3	2	2	0	0	0	0	0	1	1	1	4	5	5	6	6	4	4	6	6	5	4	3	0	0	0	0	0	0	1	2	5	7	7	6	6	3	3	3	3	0	1	1	1	1	1	1	4
1	0	1	1	2	2	2	1	1	2	3	5	5	5	3	2	3	3	4	4	3	1	1	2	2	3	3	3	1	2	2	4	4	4	3	2	1	1	1	1	1	1	1	1	1	1	0	0	1	1	2	2	2	1	2	2	2	2	2	1	1	1	1	1	1	0	1	1	2	2	2	1	1	0	0	0	0	0	0	1	1	2	4	4	5	5	4	2	2	1	1	3	26	92	151	224	266	262	209	162	135	162	218	235	207	159	112	41	5	2	2	3	3	6	6	6	5	4	2	3	3	4	4	3	2	1	1	1	1	1	1	2	2	2	3	3	2	2	2	0	0	1	2	2	2	3	2	1	1	1	0	0	0	1	2	2	2	2	2	1	2	2	3	3	3	2	2	1	1	3	4	5	5	5	3	2	0	1	2	3	3	3	3	2	1	3	2	4	5	5	3	3	2	3	4	4	3	2	1	1
1	3	4	6	7	7	6	4	2	4	4	5	8	9	6	5	4	1	1	2	2	2	3	3	3	3	3	2	2	2	2	5	5	5	4	4	1	1	0	0	2	2	3	4	4	5	6	6	5	5	4	3	3	5	5	6	6	7	7	8	10	14	19	23	21	19	14	9	5	5	4	3	2	2	4	4	4	4	4	3	3	2	2	1	1	2	2	2	2	2	1	1	0	2	14	61	157	261	361	403	394	331	248	163	90	63	45	23	16	12	7	5	6	7	5	6	6	4	6	6	15	19	17	18	31	50	64	79	79	63	44	35	41	57	63	64	57	46	30	20	13	4	1	0	0	0	0	1	2	2	2	2	1	1	2	4	4	4	3	3	2	3	5	6	6	7	6	4	3	3	2	1	1	1	2	3	5	6	6	5	6	4	3	4	2	2	3	3	3	4	4	3	6	6	5	7	7	3	3	3
1	1	1	2	4	15	33	81	126	164	175	166	128	84	34	13	2	3	4	4	4	3	1	0	1	1	1	1	1	0	0	0	0	0	1	1	1	1	1	0	0	1	1	1	2	3	3	5	5	5	5	5	4	4	4	4	4	3	3	4	5	5	5	3	1	1	1	1	1	3	3	3	3	3	2	1	1	2	1	2	2	2	1	2	2	7	14	23	30	32	31	29	19	15	13	11	32	107	275	422	572	589	532	359	221	48	7	5	2	2	2	3	4	5	5	4	3	2	1	1	4	6	5	6	6	3	1	1	1	1	2	2	2	2	2	1	1	0	1	1	1	2	2	1	2	2	2	2	2	1	0	0	0	0	0	1	2	2	2	2	1	0	0	1	1	1	1	1	0	1	2	2	2	3	3	3	3	3	1	0	0	0	0	0	0	0	2	2	2	2	2	1	1	4	5	6	8	8	5	4
1	1	3	3	2	2	2	2	2	2	2	0	0	1	1	1	1	1	0	0	0	1	1	2	3	3	3	3	2	1	1	1	2	2	3	5	6	8	8	7	4	4	3	5	5	4	2	2	2	3	3	3	2	1	1	3	3	3	3	2	1	1	1	2	2	3	5	5	4	4	4	4	4	3	2	1	0	0	1	1	2	4	4	3	3	2	1	1	1	1	1	2	2	3	7	44	109	228	326	401	420	384	275	169	62	15	8	7	4	5	4	2	2	2	2	2	2	2	1	1	1	2	2	2	1	1	0	0	0	0	1	1	1	1	1	2	2	4	17	24	42	54	54	46	40	22	10	4	5	5	4	4	3	2	2	2	2	4	4	4	4	3	2	2	2	2	1	2	3	4	3	3	2	1	1	1	2	4	5	4	5	4	2	2	2	2	2	3	2	1	2	2	3	3	3	2	1	0	0	0
8	8	7	6	6	2	3	3	4	4	7	6	7	7	7	5	4	5	3	3	4	4	6	10	10	7	6	4	0	2	3	3	3	3	2	1	2	2	1	1	1	0	0	0	0	0	1	2	3	3	3	2	3	3	3	3	3	1	1	3	3	4	4	4	2	1	0	0	0	0	0	1	1	1	1	1	1	2	2	2	3	6	8	11	11	13	12	10	41	214	497	732	980	1007	879	611	376	109	40	52	64	70	77	141	270	403	514	543	517	380	238	104	22	13	11	8	6	7	5	5	2	1	0	0	0	0	0	0	2	3	4	7	7	5	4	7	4	4	4	4	3	4	4	5	4	2	1	1	1	2	5	5	5	4	3	2	2	4	5	4	4	4	2	1	0	1	1	1	1	1	1	1	1	1	0	1	2	3	3	4	4	3	2	2	2	2	3	5	4	9	11	11	10	9	5	2	2	1	0	0
1	1	1	2	3	3	3	3	4	4	8	11	11	9	9	5	4	3	3	2	3	2	2	3	3	2	1	1	0	1	1	2	3	3	2	2	1	1	1	1	1	1	1	2	2	2	1	1	0	1	1	2	5	6	7	8	7	4	2	1	1	1	2	2	1	3	3	2	2	2	0	8	17	24	30	30	23	14	9	4	5	5	3	3	4	2	2	2	1	1	1	3	15	38	73	117	214	329	431	524	528	487	374	243	102	35	7	4	4	4	6	11	14	17	21	18	12	9	7	2	3	3	5	6	6	6	6	5	7	6	5	5	5	3	3	3	4	4	4	4	4	2	2	1	1	1	1	1	0	1	2	2	2	2	2	1	1	1	1	0	0	0	0	0	0	1	1	1	1	2	1	1	1	1	1	2	3	3	4	3	2	1	1	1	2	4	5	5	5	5	3	2	2	3	4	6	6	5	3	3
2	2	1	1	1	2	2	2	3	3	2	2	1	1	2	2	3	3	2	2	2	1	1	1	0	0	0	0	0	0	0	3	3	3	4	4	3	3	3	3	3	2	2	2	2	2	1	3	3	3	3	4	3	3	3	3	3	6	8	7	6	5	3	3	3	4	4	3	4	4	3	2	4	2	5	5	5	4	4	1	3	3	2	2	2	1	2	2	2	2	1	1	1	3	4	9	43	77	111	135	132	106	71	37	10	1	2	2	4	4	3	3	3	3	5	5	5	6	5	4	4	3	2	2	3	2	2	3	3	2	3	3	2	2	2	2	2	1	1	1	1	2	2	2	2	2	2	2	2	2	2	2	2	3	3	4	7	10	10	9	8	5	2	1	1	1	1	1	1	2	3	4	5	4	3	2	1	0	1	3	4	5	5	4	2	2	2	2	2	1	0	0	0	0	1	2	2	2	3	4
0	0	0	0	0	0	2	2	2	2	2	1	2	2	2	2	2	2	3	4	4	3	4	3	3	3	2	1	1	1	4	4	4	4	4	1	1	1	1	0	0	1	3	3	3	3	2	0	0	0	1	4	7	8	8	7	4	1	0	0	1	1	2	3	3	4	4	4	5	5	4	4	4	6	6	5	4	4	1	2	3	2	3	3	2	3	3	2	4	4	3	5	7	7	18	37	69	134	207	261	292	290	255	179	107	43	10	4	2	1	1	1	1	3	4	4	5	6	7	6	6	4	2	2	2	2	1	1	1	1	1	1	1	1	3	3	3	2	3	3	4	6	7	5	5	4	3	3	3	3	3	3	3	3	3	3	2	2	2	1	1	1	2	3	3	3	2	1	1	1	1	1	1	1	2	2	2	1	2	1	1	1	1	0	2	2	3	3	3	5	5	4	4	5	3	3	4	2	2	2
5	4	3	2	1	1	0	0	1	4	4	4	5	5	2	2	2	4	4	6	5	5	2	2	1	3	4	4	4	4	3	4	4	4	4	4	4	4	2	3	2	5	5	5	4	4	4	4	3	3	3	2	3	6	5	5	5	4	2	2	3	4	5	7	7	5	4	2	0	1	1	2	4	4	4	4	4	4	6	9	9	9	7	5	2	2	1	1	1	2	3	3	4	3	6	26	98	192	247	291	286	240	149	93	33	11	21	26	33	34	31	19	13	5	2	1	6	7	13	14	16	17	17	11	9	6	3	2	3	3	2	3	4	6	8	11	15	20	29	38	52	54	45	35	22	7	4	3	3	2	2	2	2	1	2	2	2	2	3	3	3	3	3	1	3	4	5	7	8	5	4	3	2	1	2	2	2	2	2	2	2	3	3	4	4	3	2	3	2	2	2	2	1	1	0	1	1	1	1	1
33	42	45	40	31	15	6	1	2	2	3	5	4	6	6	4	4	4	2	2	3	2	6	6	6	6	5	2	3	3	3	2	2	2	1	1	1	0	0	1	1	1	1	1	0	1	1	1	2	2	1	4	4	3	3	3	0	0	0	1	1	2	2	2	1	2	1	1	1	1	0	1	1	1	2	2	1	2	2	2	3	3	2	2	1	0	0	1	2	2	2	3	5	6	11	27	70	130	189	228	232	216	157	92	39	4	2	1	2	2	2	1	1	0	0	0	0	0	1	2	2	2	2	4	3	4	5	4	2	2	1	1	1	1	1	0	0	0	0	2	3	3	3	3	1	0	1	1	1	1	1	0	0	0	0	0	1	2	2	3	4	4	5	5	4	4	4	6	6	4	3	2	1	2	3	3	2	2	2	2	2	3	2	2	1	0	0	1	1	3	3	3	3	3	2	2	2	1	1	2
2	3	4	5	6	6	4	4	3	2	2	2	2	5	6	7	7	7	6	6	5	3	2	2	2	4	4	3	5	6	5	5	5	3	2	2	1	2	2	3	3	3	4	5	4	3	5	3	4	5	5	4	4	5	9	12	17	20	19	17	12	6	2	1	3	3	3	2	2	1	2	6	9	8	11	11	9	7	11	9	8	7	6	1	1	1	2	4	6	8	8	10	21	53	148	299	443	564	571	557	458	331	206	133	94	68	48	22	10	5	3	5	5	5	5	6	7	8	8	8	6	5	3	3	3	5	6	6	4	4	1	2	5	8	10	10	10	7	6	6	5	7	7	5	4	4	5	5	6	13	13	13	12	11	6	5	7	7	6	5	9	10	10	12	13	13	23	66	241	477	646	817	828	704	471	296	78	35	64	88	104	110	97	70	42	23	11	9	8	6	13	15	18	19	17	13	9	6	8	9
4	2	2	2	3	3	3	3	2	1	1	1	0	0	0	0	0	1	2	3	17	23	27	34	38	26	19	16	7	2	2	2	0	0	0	0	1	1	1	1	1	0	0	0	0	0	2	2	7	13	19	17	17	14	7	2	2	0	0	0	0	0	0	0	0	0	0	0	0	0	1	1	1	1	1	3	3	4	4	3	1	1	0	0	0	0	0	4	6	6	6	6	2	0	1	7	232	256	272	361	392	172	149	132	35	2	1	1	1	0	0	1	1	1	2	2	1	1	1	0	0	1	1	2	2	2	2	3	2	2	2	1	0	0	0	0	0	1	1	1	1	1	0	0	0	0	0	1	1	1	1	1	1	2	2	3	3	2	1	1	1	1	1	1	1	1	1	1	1	1	0	0	1	1	1	1	1	0	0	0	0	0	0	0	0	0	1	1	1	1	1	0	0	0	0	0	0	0	0	0
4	5	8	9	9	6	5	2	1	2	2	2	2	2	1	1	1	0	0	0	0	0	0	0	0	0	0	0	0	1	1	1	1	1	0	0	0	0	0	0	0	0	1	2	2	3	3	2	2	2	1	1	1	0	0	0	0	0	0	0	0	1	2	3	12	15	24	31	30	26	22	14	8	3	2	1	0	0	0	0	1	2	3	4	4	3	2	1	1	1	1	1	0	2	17	52	116	192	242	269	271	234	165	102	43	15	8	4	3	1	1	3	3	3	3	3	1	1	0	0	0	0	0	0	1	1	1	1	1	0	0	0	1	2	2	2	4	4	3	3	2	1	1	1	2	2	2	3	5	6	6	6	7	5	5	5	4	3	3	1	1	1	3	3	5	5	5	3	3	1	0	1	3	8	13	16	17	16	12	7	3	2	2	2	2	2	3	3	3	4	4	3	3	3	2	2	2	3	4	4
1	1	1	1	0	0	0	0	0	0	0	0	0	0	0	0	1	1	1	1	1	0	0	0	1	1	1	2	3	4	4	5	7	7	6	6	5	3	2	2	1	0	0	0	0	0	0	0	0	0	0	0	0	1	1	1	1	1	0	0	0	1	1	2	2	2	2	2	3	3	2	2	2	0	0	0	0	0	0	0	0	0	0	0	0	0	0	0	0	0	1	2	4	13	44	74	117	146	158	151	143	115	81	56	30	15	10	8	4	2	2	2	2	2	2	1	0	0	0	1	2	2	3	3	2	2	2	2	2	2	1	0	0	0	0	1	1	1	1	2	2	2	2	2	1	0	0	0	0	0	0	0	0	0	0	0	0	0	0	0	0	1	1	2	3	3	2	2	1	0	1	1	2	2	2	1	1	0	0	0	0	0	0	0	0	3	3	4	5	5	2	3	2	1	1	1	0	0	0	0
2	1	2	2	2	3	3	2	2	2	1	1	1	1	3	3	5	5	5	3	3	1	3	5	8	10	10	8	6	2	1	1	1	1	0	0	0	0	0	0	1	1	1	1	1	1	1	1	1	1	0	0	2	6	8	12	16	15	12	10	7	4	3	3	2	2	2	3	4	3	5	5	4	3	2	0	1	1	1	1	1	1	1	1	2	3	3	3	3	2	0	1	8	60	160	286	414	467	449	358	248	142	154	193	189	172	117	66	19	7	6	2	2	1	1	1	1	1	1	0	0	1	1	1	2	2	1	2	2	2	2	2	2	3	2	2	2	1	0	0	0	0	0	0	0	1	1	8	13	33	64	105	139	150	137	109	61	24	6	2	2	1	0	0	0	1	1	3	3	3	2	2	0	0	0	0	0	0	1	1	1	1	1	0	0	0	1	1	2	2	2	1	1	0	1	1	1	1	1	0
1	1	1	1	1	0	0	0	0	0	0	0	0	0	0	0	0	0	0	0	0	0	1	1	2	2	2	1	1	0	0	0	0	0	1	1	1	1	1	0	0	0	0	1	1	3	3	3	2	3	2	2	2	2	1	0	0	0	0	0	0	0	0	0	0	0	0	0	1	2	2	2	2	1	0	0	0	0	0	1	1	2	3	3	2	2	1	0	2	2	2	3	3	2	4	11	49	112	174	249	268	251	194	134	48	13	6	6	6	5	4	2	1	1	1	1	1	1	1	1	0	0	0	0	0	0	1	1	1	1	1	3	3	3	3	2	0	0	2	2	2	2	2	0	0	0	1	1	1	1	1	0	0	0	0	0	0	0	0	0	0	0	0	0	0	0	1	1	1	1	1	0	0	0	1	1	1	2	2	1	1	1	1	1	1	1	1	0	0	2	3	3	3	3	1	1	1	2	3	2
0	1	1	1	1	1	0	0	0	0	0	0	0	0	0	0	0	0	1	1	1	1	1	0	0	1	1	1	1	1	1	2	2	2	1	1	1	1	1	1	1	1	1	2	3	3	2	2	1	1	1	1	1	1	0	0	0	0	2	6	6	6	6	4	0	0	0	0	0	0	0	0	1	1	1	1	1	1	1	1	1	1	0	1	1	1	1	1	0	2	5	9	20	78	152	223	318	331	293	228	217	263	340	345	319	228	144	55	16	4	2	1	0	0	0	0	0	0	0	0	0	0	0	0	0	0	0	1	1	1	1	1	0	0	0	0	0	0	0	0	0	0	0	0	0	0	2	2	2	2	2	0	0	0	0	0	0	0	0	1	1	1	1	1	0	0	1	1	2	3	3	3	3	2	1	1	0	0	0	0	0	0	0	0	1	2	2	2	2	1	0	0	0	0	0	0	0	1	2	3
1	2	2	1	2	2	1	2	2	1	1	2	1	1	1	1	0	0	0	0	0	0	0	0	0	0	0	0	1	2	2	2	2	1	0	1	1	1	1	1	0	0	0	0	0	2	2	2	2	3	1	1	2	2	1	1	1	0	0	0	0	0	0	0	0	0	0	0	0	0	1	1	1	1	1	2	2	2	3	3	1	1	1	2	2	2	2	1	0	0	1	2	4	5	7	13	17	44	90	139	188	213	208	170	117	61	15	2	0	0	0	0	0	0	0	0	0	0	0	0	0	1	2	2	2	2	3	2	2	2	2	0	0	0	0	0	1	3	3	3	5	4	4	5	5	5	5	6	5	5	3	3	2	2	2	1	1	0	0	1	1	2	2	2	1	1	0	0	0	0	1	2	2	2	2	1	1	1	1	1	2	2	3	3	3	2	1	0	0	1	2	4	5	5	4	3	1	0	0	0
0	0	1	1	1	1	0	0	1	2	2	2	2	1	0	0	0	0	0	0	0	1	1	1	1	1	0	0	0	0	0	0	0	0	0	0	1	2	2	4	4	3	2	2	1	1	1	1	0	1	1	1	1	1	0	0	0	0	0	0	0	2	2	2	2	2	0	0	1	1	1	1	1	0	0	0	0	0	0	0	0	0	0	0	1	2	2	3	4	3	2	2	6	11	18	24	26	76	184	273	375	413	380	274	179	67	7	3	2	1	1	2	2	2	3	3	1	2	2	1	1	2	2	2	2	2	0	0	0	0	2	2	2	2	2	0	0	2	2	2	2	2	0	0	0	0	0	0	0	0	1	1	4	6	5	5	5	2	0	0	0	0	0	0	1	1	2	2	2	2	2	1	1	1	1	1	2	3	3	3	3	3	2	1	1	1	0	0	0	1	1	1	1	1	0	0	0	0	0	0
3	2	0	1	1	1	2	2	1	1	1	0	0	0	0	1	1	2	2	2	1	1	1	2	2	2	2	1	0	1	2	3	4	5	4	5	4	3	2	1	0	0	0	0	0	1	1	1	2	3	3	3	3	2	0	1	1	1	2	2	2	3	4	5	5	5	4	2	1	1	1	1	2	3	2	2	2	3	2	2	2	1	1	1	1	1	1	0	1	1	2	4	4	9	44	185	353	550	643	655	569	415	221	94	36	23	14	10	4	2	4	3	3	3	2	0	1	1	1	1	1	0	0	0	2	2	2	2	2	0	0	0	1	2	2	2	2	1	1	2	4	4	4	4	4	3	3	3	2	2	3	3	4	5	7	5	5	3	2	0	0	2	2	3	4	4	2	2	1	1	1	1	1	1	1	2	3	3	3	3	2	3	3	3	3	3	1	0	0	0	0	1	1	1	2	2	1	1	1	0
1	1	1	1	1	1	1	0	0	0	0	0	0	0	0	0	0	0	0	0	0	0	1	2	2	2	2	1	1	1	2	3	3	3	3	3	2	1	1	0	2	2	2	2	2	0	0	1	1	1	1	1	0	0	0	0	0	0	0	0	1	1	2	3	3	2	2	1	0	0	0	0	0	1	1	1	2	2	1	1	1	0	1	1	1	1	1	0	0	0	0	0	1	5	15	81	142	239	297	295	257	200	102	38	9	3	2	1	0	0	1	1	2	3	3	2	2	1	0	1	1	1	2	2	1	2	2	7	9	15	18	19	15	12	8	4	3	4	5	5	3	3	2	1	1	1	1	0	0	2	3	3	3	4	3	2	2	2	1	0	0	1	1	2	2	2	1	1	0	0	0	0	1	1	1	1	1	1	6	8	11	13	13	11	9	6	6	8	8	10	9	8	6	6	3	1	0	0	0	0
2	1	0	0	1	1	2	2	2	1	1	0	0	0	0	1	1	1	1	1	1	5	8	11	13	13	11	9	6	6	6	8	10	10	9	7	6	3	1	1	0	0	0	0	1	1	1	1	1	1	1	1	1	1	0	0	0	0	0	0	0	0	0	0	0	1	1	2	2	2	1	1	0	0	0	0	0	0	0	0	0	0	0	0	2	2	2	2	3	2	3	3	3	5	18	85	312	506	724	828	800	586	392	159	18	7	5	3	2	2	1	1	2	2	2	2	2	1	0	0	0	0	0	0	0	0	0	0	1	1	1	4	4	4	4	4	1	0	0	0	5	5	6	9	9	18	24	26	25	21	11	5	4	3	3	2	0	1	1	1	1	1	0	0	0	1	1	2	2	2	1	1	0	0	0	0	0	0	0	0	0	0	0	0	1	1	2	3	3	2	2	1	0	1	1	1	1	1	2	2
4	4	4	4	2	0	1	1	1	1	1	0	0	0	0	0	0	0	0	0	0	0	1	1	1	1	1	0	0	1	1	2	2	2	1	1	0	0	0	0	0	0	0	0	0	1	2	2	3	4	3	2	2	2	2	2	2	1	1	1	1	2	2	2	5	11	23	36	41	39	33	21	8	2	1	1	2	2	2	2	2	1	1	1	1	1	2	3	3	2	2	1	0	0	7	26	53	89	122	125	123	110	73	38	17	4	4	4	3	1	0	1	3	4	6	7	6	4	3	1	1	1	1	1	1	0	1	1	2	2	2	2	2	1	1	0	0	0	0	1	1	1	1	1	1	1	2	2	1	2	2	1	1	1	0	0	0	0	0	0	1	1	2	4	4	4	4	3	1	1	1	1	1	1	0	0	0	0	0	0	0	0	0	0	0	0	0	0	0	0	0	0	0	0	1	2	2	2	2	1
0	0	0	0	1	1	1	1	1	1	1	1	1	1	2	3	3	3	3	1	0	0	0	1	2	2	2	4	5	4	4	4	0	0	0	1	1	2	2	2	2	2	1	2	2	2	2	2	1	0	2	2	2	2	2	0	0	2	3	5	6	6	4	3	2	1	1	2	1	3	6	6	6	6	4	5	9	17	18	18	17	12	4	2	0	0	0	2	4	12	25	33	54	77	101	127	211	345	456	597	603	569	448	311	140	59	19	8	7	6	3	4	7	8	15	17	16	16	20	24	33	36	37	27	19	8	4	2	2	1	3	3	3	4	4	3	4	4	3	1	1	0	2	2	2	2	1	2	4	4	8	11	15	22	23	25	25	20	12	7	1	0	1	1	1	1	1	0	0	1	2	2	2	3	2	2	2	2	1	2	1	1	4	3	5	7	7	4	4	2	0	0	0	0	1	1	1	1	1	0
4	6	7	7	4	4	1	0	2	2	5	13	15	19	19	14	10	7	2	3	4	3	4	4	4	5	5	5	5	4	4	8	8	7	7	5	1	0	0	0	1	4	4	5	5	4	2	2	1	1	0	0	1	2	2	3	4	3	2	2	1	0	0	0	0	2	2	3	3	3	1	2	2	2	3	3	1	1	3	2	2	2	2	0	0	0	0	1	1	2	3	4	3	6	17	126	372	546	798	860	798	568	402	136	32	17	9	5	4	3	3	4	4	3	3	2	2	2	3	4	4	4	4	4	4	4	3	3	3	3	7	7	6	6	6	2	2	2	2	2	2	2	2	4	5	6	5	4	2	1	1	1	1	3	4	4	6	7	7	9	9	8	7	7	6	7	5	7	6	5	6	6	6	6	3	2	3	4	4	4	4	2	2	4	4	4	4	3	2	3	3	6	6	6	6	6	2	2	2	3
1	2	2	2	2	1	0	1	1	1	1	1	0	0	1	1	2	2	2	1	1	0	0	0	0	0	0	0	0	0	0	2	2	2	2	2	0	0	0	0	0	0	0	0	1	1	1	2	2	1	2	2	1	1	2	2	2	2	3	4	6	6	6	4	4	3	3	3	3	2	1	1	1	0	0	0	0	0	0	1	1	1	1	1	1	5	5	7	8	7	4	4	3	3	12	42	84	151	194	208	207	172	112	62	24	10	4	2	2	3	3	3	1	2	1	1	2	2	1	1	1	0	0	1	1	2	3	5	6	6	5	4	1	0	1	2	2	2	2	1	0	0	0	0	0	0	1	1	1	1	1	0	0	0	0	0	0	1	1	3	3	3	2	4	3	3	3	3	1	0	0	0	0	0	0	0	0	0	0	0	1	1	1	2	3	3	3	3	2	0	0	1	4	7	12	14	16	12	10	6
2	2	2	0	0	0	0	0	0	1	1	2	2	2	2	2	5	7	8	7	6	3	1	0	0	0	0	0	0	0	2	3	5	5	5	4	3	1	3	2	2	2	2	2	4	4	5	5	3	2	2	1	2	1	1	2	2	1	1	2	2	2	2	2	1	1	1	1	9	13	14	25	25	17	15	13	3	2	1	0	0	0	0	0	1	1	1	1	1	1	3	6	11	33	72	131	181	211	204	189	140	95	61	48	54	53	48	38	28	12	7	2	1	0	1	1	1	1	1	3	4	5	5	4	2	2	3	4	4	4	3	1	1	2	2	2	1	1	0	0	0	1	1	3	4	5	4	6	4	3	2	2	0	0	0	1	1	3	3	3	2	2	0	0	0	0	0	0	0	1	2	2	2	2	2	1	3	3	4	4	6	4	4	3	3	2	1	1	1	0	0	1	1	1	1	1	0	0	0	0
0	1	1	1	1	1	0	0	0	0	0	1	1	2	2	2	1	1	1	1	1	1	1	0	1	1	1	1	1	0	0	0	0	0	0	0	2	4	4	5	6	5	3	3	2	0	0	1	1	2	2	3	2	2	1	1	1	2	2	3	3	3	3	3	3	2	1	1	1	1	1	1	0	0	0	0	0	1	2	2	2	3	2	1	2	2	1	1	2	2	2	3	3	2	3	5	30	61	84	129	136	115	83	57	12	2	2	1	1	0	0	0	0	1	2	2	2	2	1	1	2	4	4	5	4	4	2	2	1	1	1	1	2	2	1	2	2	1	2	2	1	1	1	0	2	2	2	2	2	1	1	1	1	0	0	0	0	0	0	0	0	0	0	0	0	1	1	1	2	3	3	4	4	3	2	1	0	0	0	0	0	0	1	1	1	1	1	0	0	0	2	2	2	2	2	1	1	1	1	1
2	1	2	2	2	2	1	1	1	1	2	2	2	2	2	1	1	1	1	2	2	2	3	2	2	2	2	1	0	0	0	0	1	1	1	1	1	0	1	1	1	1	1	0	1	2	3	4	4	3	3	2	1	2	5	5	6	5	5	1	1	0	1	1	2	2	2	1	0	0	0	0	0	0	0	0	0	0	0	0	0	1	1	2	3	3	3	3	3	2	2	3	3	3	12	33	73	143	219	231	236	215	161	81	46	23	3	2	3	3	3	3	1	0	2	2	2	3	3	5	5	6	5	5	1	1	3	3	5	5	5	3	3	1	1	0	1	2	2	2	2	1	0	0	0	0	1	3	4	4	4	3	1	2	2	2	3	3	2	2	2	1	0	0	1	1	1	1	1	0	1	1	1	1	1	0	0	0	0	0	0	0	0	0	0	0	1	2	2	2	2	1	0	0	2	2	3	4	4	4
1	1	1	1	2	4	4	4	4	2	0	0	0	0	1	1	2	2	1	1	1	0	0	0	0	0	0	0	1	1	2	3	3	3	3	3	2	2	2	2	2	2	2	2	2	1	1	1	1	1	1	0	0	0	1	2	3	3	4	5	5	4	4	2	0	1	1	1	1	1	0	0	0	0	1	2	3	4	5	5	4	4	3	2	2	2	2	2	2	2	1	3	3	3	3	3	13	24	40	52	53	49	38	23	14	9	9	6	5	3	2	2	1	1	0	2	2	2	2	2	0	0	0	0	2	2	2	2	2	0	0	0	0	1	2	2	2	2	1	0	0	0	0	0	0	0	0	1	1	1	1	1	2	3	4	4	4	2	2	1	1	1	0	1	1	1	1	1	0	0	0	1	2	2	2	2	1	0	0	0	0	0	0	0	0	0	0	0	0	1	1	1	1	1	0	0	0	0	0	0
3	3	4	4	1	3	3	2	2	2	1	1	1	1	1	0	0	0	0	0	0	0	2	2	2	2	2	0	0	1	1	2	2	2	1	1	1	2	2	2	2	1	1	1	1	1	0	0	0	0	0	1	2	3	3	3	2	1	1	1	1	1	1	0	0	0	0	0	1	1	2	2	2	2	2	1	1	1	0	0	0	0	0	0	0	2	2	3	3	3	1	1	0	0	10	39	115	173	247	271	257	185	138	59	22	17	7	4	1	0	1	2	3	3	3	2	2	1	1	1	1	1	1	1	1	1	0	0	0	1	1	2	3	3	3	3	3	2	1	1	0	0	0	0	0	0	0	0	1	1	1	1	1	0	0	0	0	0	0	0	0	0	0	0	0	1	1	1	1	0	0	0	0	0	0	0	1	2	2	3	3	2	1	1	0	0	0	0	0	0	0	0	0	0	0	0	0	1	1	1
2	2	2	2	2	2	2	1	2	2	3	4	5	5	7	6	5	3	2	1	2	2	2	2	1	0	0	0	0	1	1	1	1	1	1	1	2	2	2	1	1	0	1	1	2	3	3	2	2	1	0	0	1	1	2	4	4	3	3	2	2	2	2	2	1	0	0	0	0	0	2	3	4	4	4	5	5	4	8	8	6	6	7	4	3	3	3	2	2	2	6	11	16	56	220	460	782	1044	1132	1145	1063	847	666	469	308	202	82	23	3	0	0	1	2	2	3	3	2	2	2	1	4	3	3	3	3	0	0	0	1	2	3	4	5	5	4	3	2	1	0	1	1	1	1	1	0	0	0	1	1	1	1	0	0	0	2	5	5	5	6	4	2	4	4	2	2	2	1	1	1	1	0	0	0	0	0	1	1	1	1	1	1	1	1	1	3	2	2	2	2	0	0	3	5	6	7	7	4	2	2	2
3	2	1	1	1	1	0	0	0	0	0	0	1	1	1	1	2	1	2	2	2	1	1	1	1	1	2	2	1	2	2	2	3	3	2	2	1	0	1	1	2	2	2	1	3	4	7	8	8	7	6	3	2	0	0	0	0	0	1	3	3	3	3	2	0	1	1	1	1	1	2	2	5	5	4	3	3	0	0	0	0	0	2	3	4	5	5	3	2	1	1	1	2	2	2	20	39	61	76	82	67	47	31	16	9	9	3	2	2	1	1	1	1	2	2	2	2	2	1	0	1	1	1	3	4	3	3	3	1	0	1	2	3	3	3	2	1	1	2	3	3	4	4	3	3	6	6	8	9	8	6	4	3	3	3	3	3	3	3	4	4	4	3	4	2	1	2	2	1	2	2	1	2	4	4	6	6	5	2	2	0	0	3	3	3	4	4	3	8	8	8	8	7	3	3	3	3	3	5	5
2	2	0	0	0	0	0	0	0	0	0	0	2	2	5	5	5	3	3	0	0	0	1	1	2	2	3	2	2	2	2	3	4	4	3	2	1	0	0	2	2	3	3	3	2	2	1	1	2	3	5	5	5	5	4	4	5	4	4	4	4	5	4	3	3	2	1	1	1	0	0	0	0	0	0	1	1	1	1	2	1	1	1	1	1	2	2	2	1	2	2	12	36	59	94	117	123	173	288	456	620	727	731	636	437	243	82	6	5	3	3	2	2	3	3	2	2	2	1	2	2	2	2	2	1	2	3	2	3	5	7	6	6	5	4	2	2	2	1	1	0	1	2	2	2	2	2	1	2	3	2	2	2	1	0	1	1	2	2	2	1	1	0	0	1	1	1	1	1	1	1	1	1	0	0	0	0	1	1	2	3	4	3	3	2	1	1	2	3	3	3	4	3	3	4	4	4	4	3	3
3	3	3	3	3	1	1	2	2	2	2	1	0	0	0	1	1	1	3	3	3	3	3	3	3	4	6	5	4	4	3	1	1	1	1	0	2	2	2	3	3	1	1	1	1	4	23	37	48	55	56	38	25	13	3	1	1	2	2	2	2	1	0	0	0	2	2	3	4	4	2	3	3	2	4	4	7	11	13	14	16	15	18	21	22	22	18	17	13	15	15	19	44	93	129	183	184	165	170	176	249	274	266	223	160	73	33	16	13	14	14	13	8	5	5	6	4	4	4	3	1	1	1	0	0	0	0	0	1	1	2	2	3	4	4	3	4	3	2	2	2	0	0	1	1	1	1	1	0	2	2	3	3	3	2	3	2	3	3	2	4	4	3	3	3	0	2	3	5	6	6	5	4	3	2	1	1	1	1	1	1	2	3	10	27	122	292	484	671	730	689	524	326	125	11	3	4	5	5	5
15	15	19	55	106	160	183	184	162	171	195	271	274	253	207	138	51	25	16	13	14	13	11	7	5	6	6	4	4	4	1	1	1	1	0	0	0	0	1	1	1	2	2	3	4	4	3	4	3	2	2	2	0	1	1	1	1	1	0	1	2	3	3	3	2	3	2	3	3	2	2	4	3	3	3	2	1	2	3	5	6	5	5	4	3	2	1	1	1	1	1	1	2	3	12	40	167	358	545	709	730	649	453	262	73	5	3	4	5	5	6	6	5	3	2	2	2	3	3	3	2	1	0	0	0	0	1	1	1	2	2	1	1	1	0	2	2	2	2	2	1	2	3	3	3	2	1	0	1	2	2	3	3	3	3	3	2	2	1	2	3	3	3	3	1	0	0	1	1	1	1	2	1	1	1	0	0	1	2	2	2	3	2	1	1	1	0	0	0	1	1	1	2	2	2	3	3	2	2	1
0	0	0	1	1	1	3	3	2	4	4	2	2	2	0	0	0	0	0	0	0	0	3	3	4	4	4	1	1	2	3	3	4	3	2	2	2	1	1	3	3	4	5	5	2	2	2	3	4	4	4	3	2	1	1	0	2	2	3	3	5	3	3	2	7	28	55	78	107	123	128	124	122	103	72	48	23	11	10	9	9	8	6	5	5	3	4	2	4	7	8	55	116	167	221	234	201	156	113	60	34	51	110	162	234	256	242	178	127	50	3	2	2	2	1	1	1	2	2	2	2	2	1	1	1	0	0	0	1	2	2	3	3	3	2	2	1	1	0	2	3	4	4	4	2	2	2	2	3	2	2	1	1	1	1	1	1	1	1	1	2	3	3	3	5	4	3	3	3	3	5	5	5	5	4	2	1	0	0	0	0	0	0	0	1	2	2	2	2	3	2	4	5	9	12	15	14	14	9	7
4	3	1	2	2	2	2	2	1	1	0	0	0	0	1	2	2	2	2	1	0	0	0	1	2	2	3	3	2	1	1	1	1	2	2	2	2	3	2	2	2	1	1	1	2	2	3	3	3	4	4	2	3	3	2	3	3	2	2	2	1	3	3	3	3	4	2	2	2	2	2	3	4	5	5	5	6	8	16	29	36	40	39	31	21	13	8	8	8	11	11	9	7	7	17	77	248	405	576	684	673	526	370	180	34	5	4	3	2	3	4	5	10	28	42	50	60	60	49	41	36	21	14	30	55	87	105	104	95	77	45	27	47	204	458	731	926	972	956	732	452	236	48	14	14	17	22	20	16	10	8	6	8	9	7	5	4	2	1	1	1	1	1	1	2	2	2	3	3	4	4	5	5	5	3	3	3	3	4	3	3	2	2	2	3	4	4	4	5	5	6	7	7	8	6	4	3	1	1	2
52	29	40	177	409	690	901	972	971	777	499	262	64	18	13	17	22	20	18	10	9	6	7	9	8	5	4	2	1	1	1	1	1	1	2	2	2	3	3	3	4	5	5	5	3	3	2	3	4	3	3	2	2	2	2	4	4	3	5	5	6	7	7	8	6	4	3	1	1	2	3	4	5	5	6	6	6	4	3	3	3	2	2	1	2	2	2	2	2	2	4	10	13	18	87	781	1840	2952	3989	4136	3824	2814	1718	601	92	14	7	7	6	5	5	4	5	5	6	6	5	3	5	4	3	3	2	2	2	2	4	4	4	5	7	6	6	8	6	5	7	8	7	7	6	2	0	0	1	2	2	2	2	1	2	3	3	3	4	2	2	2	2	1	1	2	2	2	2	1	0	0	1	1	1	1	1	1	1	1	1	1	0	0	2	2	2	2	2	0	1	3	3	3	4	3	1	2	2	1	1	1	0	0
3	4	4	4	5	4	2	2	2	2	3	5	5	5	4	4	5	5	5	4	2	2	2	2	2	2	2	2	4	4	5	4	3	1	1	0	0	1	1	1	2	2	2	2	2	2	2	1	1	2	2	2	3	4	7	8	8	8	7	4	4	4	3	2	2	2	3	3	3	1	1	2	2	2	2	1	0	0	1	1	3	3	4	4	8	20	34	48	57	56	51	42	34	35	35	97	283	468	677	824	815	657	471	257	63	16	5	4	4	4	4	4	3	2	2	0	0	1	1	1	2	2	2	2	2	1	0	1	2	3	3	3	3	2	2	2	2	3	3	2	3	4	4	5	5	4	3	1	1	3	3	3	3	2	2	3	4	5	4	3	2	1	1	1	1	1	1	0	0	0	0	0	0	0	1	1	1	1	1	0	0	1	1	2	3	3	2	2	1	0	0	1	1	1	2	4	4	4	4	3
2	1	0	2	3	4	5	6	5	6	5	4	4	4	2	2	0	0	0	1	1	2	3	3	3	3	2	1	1	0	0	0	0	0	0	0	0	2	2	3	3	2	3	11	16	19	28	31	24	25	26	27	27	27	23	14	6	5	4	4	4	2	1	0	0	0	0	1	1	1	1	3	2	2	2	2	1	1	1	1	0	0	1	1	1	1	1	1	1	5	22	49	86	137	186	247	568	947	1306	1675	1704	1531	1224	877	453	253	145	73	41	34	21	10	4	1	0	0	0	0	1	1	1	1	0	2	2	2	2	2	1	2	3	3	3	2	1	0	0	1	1	1	1	1	0	0	0	0	2	4	5	7	7	7	6	6	5	4	3	2	2	2	2	3	3	3	3	2	2	3	3	3	2	2	1	1	1	3	3	3	5	5	4	4	4	2	2	2	1	1	1	1	1	1	1	1	1	1	1	1	1	2
6	6	5	4	3	3	5	5	5	7	7	6	4	3	1	2	2	2	3	2	1	2	2	1	2	2	2	2	1	1	2	1	1	1	1	0	1	2	2	2	2	3	2	3	4	4	4	4	4	3	2	2	1	1	0	0	0	0	0	1	1	2	3	3	3	3	4	3	2	2	2	1	4	4	3	4	4	1	3	3	4	5	5	3	3	1	0	0	1	2	2	2	4	6	9	20	41	76	115	128	131	122	84	44	22	2	3	4	5	5	5	3	2	2	2	3	3	3	4	3	2	2	1	0	0	0	0	0	1	1	3	3	6	6	7	9	10	11	13	13	10	7	5	3	3	2	2	2	1	1	1	2	3	4	6	5	5	4	3	4	4	5	5	5	5	4	4	4	3	3	3	2	3	1	1	1	1	0	0	1	1	1	1	1	0	0	0	0	0	0	1	1	2	2	2	2	2	1	1	2
1	0	0	0	0	0	1	1	1	1	1	1	1	1	2	2	1	2	2	2	2	3	4	4	4	5	4	4	4	3	5	6	6	6	6	4	4	4	4	4	4	2	2	1	1	3	4	6	6	5	3	2	2	3	4	4	4	4	4	3	4	2	2	1	3	4	4	4	4	2	1	1	1	1	2	3	4	4	4	3	2	2	2	1	1	1	1	2	5	8	7	7	6	5	5	18	54	189	285	401	439	423	290	191	62	7	4	4	5	22	31	51	68	65	48	40	18	2	1	1	1	1	1	1	1	1	0	0	1	1	1	1	3	2	7	9	8	7	6	2	0	1	1	1	2	2	1	1	1	2	3	3	4	4	2	1	1	0	0	1	1	1	3	3	2	4	4	3	5	5	3	3	2	0	1	1	1	1	1	1	2	3	3	2	2	1	0	1	1	1	1	1	0	0	1	2	4	4	4	3
20	24	22	16	10	7	6	6	5	5	5	4	3	2	3	2	2	2	2	1	1	0	0	0	0	0	0	0	0	0	0	0	0	0	1	1	1	1	2	1	1	2	2	1	1	2	5	5	5	5	5	1	1	2	1	1	1	2	1	2	4	4	7	9	8	10	9	7	4	4	2	2	3	3	3	2	4	3	4	4	4	3	3	2	1	0	1	5	5	5	5	4	0	1	6	105	416	625	911	1042	1027	747	535	247	33	5	1	1	2	2	1	2	2	2	2	2	1	1	1	1	1	2	1	1	1	0	0	0	2	2	2	2	2	0	1	1	3	5	6	6	5	5	3	3	2	2	3	2	2	3	2	2	2	2	2	2	3	3	3	3	3	2	1	1	2	1	1	2	2	1	1	1	1	2	3	4	4	3	2	1	1	1	1	1	1	1	1	1	1	0	0	0	0	0	0	1	1	1	2	2
1	2	2	2	2	2	2	3	3	4	4	3	2	2	0	0	0	0	0	2	2	3	3	3	2	3	2	2	2	1	1	2	2	2	2	1	1	2	3	4	4	3	2	2	1	4	4	3	4	4	1	1	1	1	2	2	3	3	3	2	2	1	0	0	0	1	1	1	2	3	2	2	2	2	3	4	5	5	3	3	2	2	2	2	3	3	3	4	3	1	1	2	3	6	9	21	41	60	84	86	80	60	40	15	7	6	4	4	2	3	3	1	2	2	1	3	5	4	8	9	6	9	9	5	6	6	3	3	4	4	4	4	3	2	3	3	4	4	2	1	1	0	1	1	1	1	1	0	2	6	13	24	28	31	29	24	13	9	2	2	2	1	1	1	0	1	1	2	3	3	2	2	3	3	3	3	2	2	1	2	2	2	1	2	2	2	2	2	1	1	1	1	1	0	1	2	2	2	2	2
